66 66 66 66 66 66 66 66 66 66 66 66 66 66 66 66 66 66 66 66 66 66 66 66 66 66 66 66 66 66 66 66 66 66 66 66 66 66 66 66 66 66 66 66 66 66 66 66 66 66 66 66 66 66 66 66 66 66 66 66 66 66 66 66 66 66 66 66 66 66 66 66 66 66 66 66 66 66 66 66 66 66 66 66 66 66 66 66 66 66 66 66 66 66 66 66 66 66 66 66 
66 66 66 66 66 66 66 66 66 66 66 66 66 66 66 66 66 66 66 66 66 66 66 66 66 66 66 66 66 66 66 66 66 66 66 66 66 66 66 66 66 66 66 66 66 66 66 66 66 66 66 66 66 66 66 66 66 66 66 66 66 66 66 66 66 66 66 66 66 66 66 66 66 66 66 66 66 66 66 66 66 66 66 66 66 66 66 66 66 66 66 66 66 66 66 66 66 66 66 66 
66 66 66 66 66 66 66 66 66 66 66 66 66 66 66 66 66 66 66 66 66 66 66 66 66 66 66 66 66 66 66 66 66 66 66 66 66 66 66 66 66 66 66 66 66 66 66 66 66 66 66 66 66 66 66 66 66 66 66 66 66 66 66 66 66 66 66 66 66 66 66 66 66 66 66 66 66 66 66 66 66 66 66 66 66 66 66 66 66 66 66 66 66 66 66 66 66 66 66 66 
66 66 66 66 66 66 66 66 66 66 66 66 66 66 66 66 66 66 66 66 66 66 66 66 66 66 66 66 66 66 66 66 66 66 66 66 66 66 66 66 66 66 66 66 66 66 66 66 66 66 66 66 66 66 66 66 66 66 66 66 66 66 66 66 66 66 66 66 66 66 66 66 66 66 66 66 66 66 66 66 66 66 66 66 66 66 66 66 66 66 66 66 66 66 66 66 66 66 66 66 
66 66 66 66 66 66 66 66 66 66 66 66 66 66 66 66 66 66 66 66 66 66 66 66 66 66 66 66 66 66 66 66 66 66 66 66 66 66 66 66 66 66 66 66 66 66 66 66 66 66 66 66 66 66 66 66 66 66 66 66 66 66 66 66 66 66 66 66 66 66 66 66 66 66 66 66 66 66 66 66 66 66 66 66 66 66 66 66 66 66 66 66 66 66 66 66 66 66 66 66 
66 66 66 66 66 66 66 66 66 66 66 66 66 66 66 66 66 66 66 66 66 66 66 66 66 66 66 66 66 66 66 66 66 66 66 66 66 66 66 66 66 66 66 66 66 66 69 69 69 69 69 69 69 69 69 69 69 69 66 66 66 66 66 66 66 66 66 66 66 66 66 66 66 66 66 66 66 66 66 66 66 66 66 66 66 66 66 66 66 66 66 66 66 66 66 66 66 66 66 66 
66 66 66 66 66 66 66 66 66 66 66 66 66 66 66 66 66 66 66 66 66 66 66 66 66 66 66 66 66 66 66 66 66 66 66 66 66 66 66 66 66 66 66 66 66 66 69 69 69 69 69 69 69 69 69 69 69 69 66 66 66 66 66 66 66 66 66 66 66 66 66 66 66 66 66 66 66 66 66 66 66 66 66 66 66 66 66 66 66 66 66 66 66 66 66 66 66 66 66 66 
66 66 66 66 66 66 66 66 66 66 66 66 66 66 66 66 66 66 66 66 66 66 66 66 66 66 66 66 66 66 66 66 66 66 66 66 66 66 66 66 66 66 66 66 66 66 69 69 69 69 69 69 69 69 69 69 69 69 66 66 66 66 66 66 66 66 66 66 66 66 66 66 66 66 66 66 66 66 66 66 66 66 66 66 66 66 66 66 66 66 66 66 66 66 66 66 66 66 66 66 
66 66 66 66 66 66 66 66 66 66 66 66 66 66 66 66 66 66 66 66 66 66 66 66 66 66 66 66 66 66 66 66 66 66 66 66 66 66 66 66 66 66 66 66 66 66 69 69 69 66 66 69 66 66 69 69 69 69 66 66 69 69 69 69 69 69 69 66 66 66 66 66 66 66 66 66 66 66 66 66 66 66 66 66 66 66 66 66 66 66 66 66 66 66 66 66 66 66 66 66 
66 66 66 66 66 66 66 66 66 66 66 66 66 66 66 66 66 66 66 66 66 66 66 66 66 66 66 66 66 66 66 66 66 66 66 66 66 66 66 66 66 66 66 66 66 66 66 66 66 66 66 69 66 66 66 66 66 66 66 66 69 69 69 69 69 69 69 66 66 66 66 66 66 66 66 66 66 66 66 66 66 66 66 66 66 66 66 66 66 66 66 66 66 66 66 66 66 66 66 66 
66 66 66 66 66 66 66 66 66 66 66 66 66 66 66 66 66 66 66 66 66 66 66 66 66 66 66 66 66 66 66 66 66 66 66 66 66 66 66 66 66 66 66 66 66 66 66 66 66 66 66 69 66 66 66 66 66 66 66 66 69 69 69 69 69 69 69 66 66 66 66 66 66 66 66 66 66 66 66 66 66 66 66 66 66 66 66 66 66 66 66 66 66 66 66 66 66 66 66 66 
66 66 66 66 66 66 66 66 66 66 66 66 66 66 66 66 66 66 66 66 66 66 66 66 66 66 66 66 66 66 66 66 66 66 66 66 66 66 66 66 66 66 66 66 66 66 66 66 66 66 66 69 66 66 66 66 66 66 66 66 69 69 69 69 69 69 69 66 66 66 66 66 66 66 66 66 66 66 66 66 66 66 66 66 66 66 66 66 66 66 66 66 66 66 66 66 66 66 66 66 
66 66 66 66 66 66 66 66 66 66 66 66 66 66 66 66 66 66 66 66 66 66 66 66 66 66 66 66 66 66 66 66 66 66 66 69 69 69 69 69 69 66 66 66 66 66 66 66 66 66 66 69 66 66 66 66 66 66 66 66 66 66 66 69 66 66 66 66 66 66 66 66 66 66 66 66 66 66 66 66 66 66 66 66 66 66 66 66 66 66 66 66 66 66 66 66 66 66 66 66 
66 66 66 66 66 66 66 66 66 66 66 66 66 66 66 66 66 66 66 66 66 66 66 66 66 66 66 66 66 66 66 66 66 66 66 69 69 69 69 69 69 66 66 66 66 66 66 66 66 66 66 69 66 66 66 66 66 66 66 66 66 66 66 69 66 66 66 66 66 66 66 66 66 66 66 66 66 66 66 66 66 66 66 66 66 66 66 66 66 66 66 66 66 66 66 66 66 66 66 66 
66 66 66 66 66 66 66 66 66 66 66 66 66 66 66 66 66 66 66 66 66 66 66 66 66 66 66 66 66 66 66 66 66 66 66 69 69 69 69 69 69 66 66 66 66 66 66 66 66 66 66 69 66 66 66 66 66 66 66 66 66 66 66 69 66 66 66 66 66 66 66 66 66 66 66 66 66 66 66 66 66 66 66 66 66 66 66 66 66 66 66 66 66 66 66 66 66 66 66 66 
66 66 66 66 66 66 66 66 66 66 66 66 66 66 66 66 66 66 66 66 66 66 66 66 66 66 66 66 66 66 66 66 66 66 66 69 69 69 69 69 69 66 66 66 66 66 66 66 66 66 66 69 66 66 66 66 66 66 66 66 66 66 66 69 66 66 66 66 66 66 66 66 66 66 66 66 66 66 66 66 66 66 66 66 66 66 66 66 66 66 66 66 66 66 66 66 66 66 66 66 
66 66 66 66 66 66 66 66 66 66 66 66 66 66 66 66 66 66 66 66 66 66 66 66 66 66 66 66 66 66 66 66 66 66 66 69 69 69 69 69 69 69 69 69 69 69 69 69 69 69 69 69 69 69 69 69 69 69 69 69 69 69 69 69 69 69 69 69 69 69 69 69 69 66 66 66 66 66 66 66 66 66 66 66 66 66 66 66 66 66 66 66 66 66 66 66 66 66 66 66 
66 66 66 66 66 66 66 66 66 66 66 66 66 66 66 66 66 66 66 66 66 66 66 66 66 66 66 66 66 66 66 66 66 66 66 69 69 69 69 69 69 66 66 66 66 66 66 66 66 66 66 69 66 66 66 66 66 66 66 66 66 66 66 66 66 66 66 66 66 66 66 66 69 66 66 66 66 66 66 66 66 66 66 66 66 66 66 66 66 66 66 66 66 66 66 66 66 66 66 66 
66 66 66 66 66 66 66 66 66 66 66 66 66 66 66 66 66 66 66 66 66 66 66 66 66 66 66 66 66 66 66 66 66 66 66 69 69 69 69 69 69 66 66 66 66 66 66 66 66 66 66 69 66 66 66 66 66 66 66 66 66 66 66 66 66 66 66 66 66 66 66 66 69 66 66 66 66 66 66 66 66 66 66 66 66 66 66 66 66 66 66 66 66 66 66 66 66 66 66 66 
66 66 66 66 66 66 66 66 66 66 66 66 66 66 66 66 66 66 66 66 66 66 66 66 66 66 66 66 66 66 66 66 66 66 66 69 69 69 69 69 69 66 66 66 66 66 66 66 66 66 66 69 66 66 66 66 66 66 66 66 66 66 66 66 66 66 66 66 66 66 69 69 69 69 66 66 66 66 66 66 66 66 66 66 66 66 66 66 66 66 66 66 66 66 66 66 66 66 66 66 
66 66 66 66 66 66 66 66 66 66 66 66 66 66 66 66 66 66 66 66 66 66 66 66 66 66 66 66 66 66 66 66 66 66 66 69 69 69 69 69 69 66 66 66 66 66 66 66 66 66 66 69 66 66 66 66 66 66 66 66 66 66 66 66 66 66 66 66 66 66 69 69 69 69 69 69 69 69 69 69 69 69 69 69 66 66 66 66 66 66 66 66 66 66 66 66 66 66 66 66 
66 66 66 66 66 66 66 66 66 66 66 66 66 66 66 66 66 66 66 66 66 66 66 66 66 66 66 66 66 66 66 66 66 66 66 66 66 66 66 66 66 66 66 66 66 66 66 66 66 66 66 69 66 66 66 66 66 66 66 66 66 69 69 69 69 69 69 69 69 69 69 69 69 69 66 66 66 66 66 66 66 66 66 69 66 66 66 66 66 66 66 66 66 66 66 66 66 66 66 66 
66 66 66 66 66 66 66 66 66 66 66 66 66 66 66 66 66 66 66 66 66 66 66 66 66 66 66 66 66 66 66 66 66 66 66 66 66 66 66 66 66 66 66 66 66 66 66 66 66 66 66 69 66 66 66 66 66 66 66 66 66 69 66 66 66 66 66 66 66 66 69 69 69 69 66 66 66 66 66 66 66 69 69 69 69 69 66 66 66 66 66 66 66 66 66 66 66 66 66 66 
66 66 66 66 66 66 66 66 66 66 66 66 66 66 66 66 66 66 66 66 66 66 66 66 66 66 66 66 66 66 66 66 66 66 66 66 66 66 66 66 66 66 66 66 66 69 69 69 69 69 69 69 69 69 69 69 66 66 66 66 66 69 66 66 66 66 66 66 66 66 66 66 66 66 66 66 66 66 66 66 66 69 69 69 69 69 66 66 66 66 66 66 66 66 66 66 66 66 66 66 
66 66 66 66 66 66 66 66 66 66 66 66 66 66 66 66 66 66 66 66 66 66 66 66 66 66 66 66 66 66 66 66 66 66 66 66 66 66 66 66 66 66 66 66 66 69 69 69 69 69 69 69 69 69 69 69 66 66 66 66 66 69 66 66 66 66 66 66 66 66 66 66 66 66 66 66 66 66 66 66 66 69 69 69 69 69 66 66 66 66 66 66 66 66 66 66 66 66 66 66 
66 66 66 66 66 66 66 66 66 66 66 66 66 66 66 66 66 66 66 66 66 66 66 66 66 69 69 69 69 69 66 66 66 66 66 66 66 66 66 66 66 66 66 66 66 69 69 69 69 69 69 69 69 69 69 69 66 66 66 66 66 69 66 66 66 66 66 66 66 66 66 66 66 66 66 66 66 66 66 66 66 69 69 69 69 69 66 66 66 66 66 66 66 66 66 66 66 66 66 66 
66 66 66 66 66 66 66 66 66 66 66 66 66 66 66 66 66 66 66 66 66 66 66 66 66 69 66 66 66 69 69 66 66 66 66 66 66 66 66 66 66 66 66 66 66 69 69 69 69 69 69 69 69 69 69 69 66 66 66 66 66 69 66 66 66 66 66 66 66 66 66 66 66 66 66 66 66 66 66 66 66 69 69 69 69 69 66 66 66 66 66 66 66 66 66 66 66 66 66 66 
66 66 66 66 66 66 66 66 66 66 66 66 66 66 66 66 66 66 66 66 66 66 66 66 66 69 66 66 66 66 69 66 66 66 66 66 66 66 66 66 66 66 66 66 66 69 69 69 69 69 69 69 69 69 69 69 66 66 66 66 66 69 66 66 66 66 66 66 66 66 66 66 66 66 66 66 66 66 66 66 66 66 66 66 66 66 66 66 66 66 66 66 66 66 66 66 66 66 66 66 
66 66 66 66 66 66 66 66 66 66 66 66 66 66 66 66 66 66 66 66 66 66 66 66 66 69 66 66 66 66 69 66 66 66 66 66 66 66 66 66 66 66 66 66 66 69 69 69 69 69 69 69 69 69 69 69 66 66 66 66 66 69 66 66 66 66 66 66 66 66 66 66 66 66 66 66 66 66 66 66 66 66 66 66 66 66 66 66 66 66 66 66 66 66 66 66 66 66 66 66 
66 66 66 66 66 66 66 66 66 66 66 66 66 66 66 66 66 66 66 66 66 66 66 66 66 69 69 66 66 66 69 66 66 66 66 66 66 66 66 66 66 66 66 66 66 69 69 69 69 69 69 69 69 69 69 69 69 69 69 69 69 69 69 69 69 69 69 66 66 66 66 66 66 66 66 66 66 66 66 66 66 66 66 66 66 66 66 66 66 66 66 66 66 66 66 66 66 66 66 66 
66 66 66 66 66 66 66 66 66 66 66 66 66 66 66 66 66 66 66 66 66 66 66 66 66 66 69 66 66 66 69 66 66 66 66 66 66 66 66 66 66 66 66 66 66 69 69 69 69 69 69 69 69 69 69 69 66 66 66 66 69 66 66 66 66 66 69 66 66 66 66 66 66 66 66 66 66 66 66 66 66 66 66 66 66 66 66 66 66 66 66 66 66 66 66 66 66 66 66 66 
66 66 66 66 66 66 66 66 66 69 69 69 69 69 69 69 66 66 66 66 66 66 66 66 66 66 69 66 66 66 69 66 66 66 66 66 66 66 66 66 66 66 66 66 66 69 69 69 69 69 69 69 69 69 69 69 66 66 66 66 69 66 66 66 66 66 69 66 66 66 66 66 66 66 66 66 66 66 66 66 66 66 66 66 66 66 66 66 66 66 66 66 66 66 66 66 66 66 66 66 
66 66 66 66 66 66 66 66 66 69 66 66 66 66 66 69 66 66 66 66 66 66 66 66 66 66 66 66 66 66 69 69 69 69 69 69 69 69 69 69 69 69 69 69 69 69 69 69 69 69 69 69 69 69 69 69 66 66 66 66 69 66 66 66 66 66 69 69 69 69 69 69 69 69 69 69 66 66 66 66 66 66 66 66 66 66 66 66 66 66 66 66 66 66 66 66 66 66 66 66 
66 66 66 66 66 66 66 66 66 69 66 66 66 66 66 69 66 66 66 66 66 66 66 66 66 66 66 66 66 66 66 69 66 66 66 66 66 66 66 66 66 66 66 66 66 69 69 69 69 69 69 69 69 69 69 69 66 66 66 66 69 66 66 66 66 66 66 66 66 66 66 66 66 66 66 69 66 66 66 66 66 66 66 66 66 66 66 66 66 66 66 66 66 66 66 66 66 66 66 66 
66 66 66 66 66 66 66 66 66 69 66 66 66 66 66 69 66 66 66 69 69 69 69 69 69 66 66 66 66 66 66 69 66 66 66 66 66 66 66 66 66 66 66 66 66 69 69 69 69 69 69 69 69 69 69 69 66 66 66 66 69 66 66 66 66 66 66 66 66 66 66 66 66 66 66 69 66 66 66 66 66 66 66 66 66 66 66 66 66 66 66 66 66 66 66 66 66 66 66 66 
66 66 66 66 66 66 66 66 66 69 66 66 66 66 66 69 66 66 66 69 69 69 69 69 69 66 66 66 66 66 66 69 66 66 66 66 66 66 66 66 66 66 66 66 66 69 69 69 69 69 69 69 69 69 69 69 66 66 66 66 69 66 66 66 66 66 66 66 66 66 66 66 66 66 66 69 66 66 66 66 66 66 66 66 66 66 66 66 66 66 66 66 66 66 66 66 66 66 66 66 
66 66 66 66 66 66 66 66 66 69 66 66 66 66 66 69 66 66 66 66 69 66 66 66 66 66 66 66 66 66 66 69 66 66 66 66 66 66 66 66 66 66 66 66 66 69 69 69 69 69 69 69 69 69 69 69 66 66 66 66 69 66 66 66 66 66 66 66 66 66 66 66 66 66 69 69 69 66 66 66 66 66 66 66 66 66 66 66 66 66 66 66 66 66 66 66 66 66 66 66 
66 66 66 66 66 66 66 69 69 69 69 69 69 69 69 69 69 69 69 69 69 66 66 66 66 66 66 66 66 66 66 69 66 66 66 66 66 66 66 66 66 66 66 66 66 66 66 66 66 66 66 66 69 66 66 66 66 69 69 69 69 66 66 66 66 66 66 66 66 66 69 69 69 69 69 69 69 69 69 69 69 69 66 66 66 66 66 66 66 66 66 66 66 66 66 66 66 66 66 66 
66 66 66 66 66 66 66 66 66 69 66 66 66 66 66 69 66 66 66 66 69 66 66 66 66 66 66 66 66 66 66 69 66 66 66 66 66 66 66 66 66 66 66 66 66 66 66 66 66 66 66 66 69 66 66 66 66 69 69 69 69 66 66 66 66 66 66 66 66 66 69 66 66 66 69 69 69 66 66 66 66 69 66 66 66 66 66 66 66 66 66 66 66 66 66 66 66 66 66 66 
66 66 66 66 66 66 66 66 66 69 66 66 66 66 66 69 66 66 66 66 69 69 69 69 69 69 69 69 69 69 69 69 69 69 69 69 69 69 69 66 66 66 66 66 66 66 66 66 66 66 66 66 69 66 66 66 66 66 66 66 66 66 66 66 66 66 66 66 66 66 69 66 66 66 66 66 66 66 66 66 66 69 66 66 66 66 66 66 66 66 66 66 66 66 66 66 66 66 66 66 
66 66 66 66 66 66 66 66 66 69 66 66 66 66 66 69 66 66 66 66 66 66 66 66 66 66 66 69 66 66 66 66 66 66 69 66 66 66 66 66 66 66 66 66 66 66 66 66 66 66 66 66 69 66 66 66 66 66 69 69 69 69 69 69 66 66 66 66 66 66 69 66 66 66 66 66 66 66 66 66 66 69 66 66 66 66 66 66 66 66 66 66 66 66 66 66 66 66 66 66 
66 66 66 66 66 66 66 66 66 69 66 66 66 66 66 69 66 66 66 66 66 66 66 66 66 66 66 69 66 66 66 66 66 66 69 66 66 66 66 66 66 66 66 66 66 66 66 66 66 66 66 66 69 66 66 66 66 66 69 66 66 66 69 69 66 66 66 66 66 66 69 69 66 66 66 66 66 66 66 66 66 69 66 66 66 66 66 66 66 66 66 66 66 66 66 66 66 66 66 66 
66 66 66 66 66 66 66 66 66 69 66 66 66 66 66 69 66 66 66 66 66 66 66 66 66 66 66 69 66 66 66 66 66 66 69 66 66 66 66 66 66 66 66 66 66 66 66 66 66 66 66 66 69 66 66 66 66 66 69 66 66 66 66 69 66 66 66 66 66 66 66 69 66 66 66 66 66 66 66 66 66 69 66 66 66 66 66 66 66 66 66 66 66 66 66 66 66 66 66 66 
66 66 66 66 66 66 66 66 66 69 66 66 66 66 66 69 66 66 66 66 66 66 66 66 66 66 66 69 66 66 66 66 66 66 69 66 66 66 66 66 66 66 66 66 66 66 66 66 66 66 66 66 69 66 66 66 66 66 69 66 66 66 66 69 66 66 66 66 66 66 66 69 66 66 66 66 66 66 66 66 66 69 66 66 66 66 66 66 66 66 66 66 66 66 66 66 66 66 66 66 
66 66 66 66 66 66 66 66 66 69 69 69 69 69 69 69 66 66 66 66 66 66 66 66 66 66 66 69 66 66 66 66 66 66 69 66 66 66 66 66 66 66 66 66 66 66 66 66 66 66 66 66 69 66 66 66 66 66 69 66 66 66 66 69 66 66 66 66 66 66 66 69 66 66 66 66 66 66 66 66 66 69 66 66 66 66 66 66 66 66 66 66 66 66 66 66 66 66 66 66 
66 66 66 66 66 66 66 66 66 66 66 66 66 66 66 66 66 66 66 66 66 66 66 66 66 66 66 66 66 66 66 66 66 66 69 66 66 66 66 66 66 66 66 66 66 66 66 66 66 66 66 66 69 69 69 69 69 69 69 66 66 66 66 69 69 69 69 69 66 66 66 69 66 66 66 66 66 66 66 66 66 69 66 66 66 66 66 66 66 66 66 66 66 66 66 66 66 66 66 66 
66 66 66 66 66 66 66 66 66 66 66 66 66 66 66 66 66 66 66 66 66 66 66 66 66 66 66 66 66 66 66 66 66 66 69 66 66 66 66 66 66 66 66 66 66 66 66 66 66 66 66 66 69 66 66 66 66 66 66 66 66 66 66 66 66 66 66 69 69 69 69 69 66 66 66 66 66 66 66 66 66 69 66 66 66 66 66 66 66 66 66 66 66 66 66 66 66 66 66 66 
66 66 66 66 66 66 66 66 66 66 66 66 66 66 66 66 66 66 66 66 66 66 66 66 66 66 66 66 66 66 66 66 66 66 69 66 66 66 66 66 69 69 69 69 69 69 69 69 69 69 69 69 69 69 69 69 69 69 69 69 69 69 66 66 66 66 66 66 66 66 66 66 66 66 66 66 66 66 66 66 66 69 66 66 66 66 66 66 66 66 66 66 66 66 66 66 66 66 66 66 
66 66 66 66 66 66 66 66 66 66 66 66 66 66 66 66 66 66 69 69 69 69 69 69 69 69 66 66 66 66 66 66 66 66 69 66 66 66 66 66 69 66 66 66 66 66 66 66 66 66 66 66 69 66 66 66 66 66 66 66 66 66 66 66 66 66 66 66 66 66 66 66 66 66 66 66 66 66 66 66 66 69 66 66 66 66 66 66 66 66 66 66 66 66 66 66 66 66 66 66 
66 66 66 66 66 66 66 66 66 66 66 66 66 66 66 66 66 66 66 66 66 66 66 66 66 69 66 66 66 66 66 66 66 66 69 66 66 66 66 66 69 66 66 66 66 66 66 66 66 66 66 66 69 66 66 66 66 66 66 66 66 66 66 66 66 66 66 66 66 66 66 66 66 66 66 66 66 66 66 66 66 69 66 66 66 66 66 66 66 66 66 66 66 66 66 66 66 66 66 66 
66 66 66 66 66 66 66 66 66 66 66 66 66 66 66 66 66 66 66 66 66 66 66 66 66 69 66 66 66 66 66 66 66 66 69 66 66 66 66 69 69 69 66 66 66 66 66 66 66 66 66 66 69 66 66 66 66 66 66 66 66 66 66 66 66 66 66 66 66 66 66 66 66 66 66 66 66 66 66 66 66 69 66 66 66 66 66 66 66 66 66 66 66 66 66 66 66 66 66 66 
66 66 66 66 66 66 66 66 66 66 66 66 66 66 66 66 66 66 66 66 66 66 66 66 66 69 66 66 66 66 66 66 66 66 69 66 66 66 66 69 69 69 66 66 66 66 66 66 66 66 66 66 69 66 66 66 66 66 66 66 66 66 66 66 66 66 66 66 66 66 66 66 66 66 66 66 66 66 66 66 66 69 66 66 66 66 66 66 66 66 66 66 66 66 66 66 66 66 66 66 
66 66 66 66 66 66 66 66 66 66 66 66 66 66 66 66 66 66 66 66 66 66 66 66 66 69 66 66 66 66 66 66 66 66 69 66 66 66 66 66 66 66 66 66 66 66 66 66 66 66 66 66 69 66 66 66 66 66 66 66 66 66 66 66 66 66 66 66 66 66 66 66 66 69 69 69 69 69 66 66 66 69 66 66 66 66 66 66 66 66 66 66 66 66 66 66 66 66 66 66 
66 66 66 66 66 66 66 66 66 66 66 66 66 66 66 66 66 66 66 66 66 66 66 66 66 69 66 66 66 66 66 66 66 66 69 66 66 66 66 66 66 66 66 66 66 66 66 66 66 66 66 66 69 66 66 66 66 66 66 66 66 66 66 66 66 66 66 66 66 66 66 66 66 69 69 69 69 69 66 66 66 69 66 66 66 66 66 66 66 66 66 66 66 66 66 66 66 66 66 66 
66 66 66 66 66 66 66 66 66 66 66 66 66 66 66 66 66 66 66 66 66 66 66 66 66 69 66 66 66 66 66 66 66 66 69 66 66 66 66 66 66 66 66 66 66 66 66 66 66 66 66 66 69 66 66 66 66 66 66 66 66 66 66 66 69 66 66 66 66 66 66 66 66 69 69 69 69 69 69 69 69 69 66 66 66 66 66 66 66 66 66 66 66 66 66 66 66 66 66 66 
66 66 66 66 66 66 66 66 66 66 66 66 66 66 66 66 66 66 66 66 66 66 66 66 66 69 66 66 66 66 66 66 66 66 69 66 66 66 66 66 66 66 66 66 66 66 66 66 66 66 66 66 69 66 66 66 66 66 66 66 66 66 66 66 69 66 66 66 66 66 66 66 66 69 69 69 69 69 66 66 66 66 66 66 66 66 66 66 66 66 66 66 66 66 66 66 66 66 66 66 
66 66 66 66 66 66 66 66 66 66 66 66 66 66 66 66 66 66 66 66 66 66 66 66 66 69 66 66 66 66 66 66 66 66 69 66 66 66 66 66 66 66 66 66 66 66 66 66 66 66 66 66 69 66 66 66 66 66 66 66 66 66 66 66 69 66 66 66 66 66 66 66 66 69 69 69 69 69 66 66 66 66 66 66 66 66 66 66 66 66 66 66 66 66 66 66 66 66 66 66 
66 66 66 66 66 66 66 66 66 66 66 66 66 66 66 66 66 66 66 66 66 66 66 66 66 69 66 66 66 66 66 66 66 66 69 66 66 66 66 66 66 66 66 66 66 66 66 66 66 66 66 66 69 66 66 66 66 66 66 66 66 66 66 66 69 66 66 66 66 66 66 66 66 66 66 66 66 66 66 66 66 66 66 66 66 66 66 66 66 66 66 66 66 66 66 66 66 66 66 66 
66 66 66 66 66 66 66 66 66 66 66 66 66 66 66 66 66 66 66 66 66 66 66 66 66 69 66 66 66 66 66 66 66 66 69 69 69 66 66 66 66 66 66 66 66 66 66 69 69 69 69 69 69 69 69 69 69 69 69 66 66 66 66 66 69 66 66 66 66 66 66 66 66 66 66 66 66 66 66 66 66 66 66 66 66 66 66 66 66 66 66 66 66 66 66 66 66 66 66 66 
66 66 66 66 66 66 66 66 66 66 66 66 66 66 66 66 66 66 66 66 66 66 66 66 66 69 66 66 66 66 66 66 66 66 66 66 69 69 69 69 69 69 69 69 69 69 69 69 69 69 69 69 69 69 69 69 69 69 69 69 69 69 69 69 69 66 66 66 66 66 66 66 66 66 66 66 66 66 66 66 66 66 66 66 66 66 66 66 66 66 66 66 66 66 66 66 66 66 66 66 
66 66 66 66 66 66 66 66 66 66 66 66 66 66 66 66 66 66 66 66 66 66 69 69 69 69 69 69 66 66 66 66 66 66 66 66 66 66 66 66 66 66 66 66 66 66 66 69 69 69 69 69 69 69 69 69 69 69 69 66 66 66 66 66 69 66 66 66 66 66 66 66 66 66 66 66 66 66 66 66 66 66 66 66 66 66 66 66 66 66 66 66 66 66 66 66 66 66 66 66 
66 66 66 66 66 66 66 66 66 66 66 66 66 66 66 66 66 66 66 66 66 66 69 69 69 69 69 69 66 66 66 66 66 66 66 66 66 66 66 66 66 66 66 66 66 66 66 69 69 69 69 69 69 69 69 69 69 69 69 66 66 66 66 66 69 66 66 66 66 66 66 66 66 66 66 66 66 66 66 66 66 66 66 66 66 66 66 66 66 66 66 66 66 66 66 66 66 66 66 66 
66 66 66 66 66 66 66 66 66 66 66 66 66 66 66 66 66 66 66 66 66 66 69 69 69 69 69 69 66 66 66 66 66 66 66 66 66 66 66 66 66 66 66 66 66 66 66 66 66 66 66 66 69 66 66 66 66 66 66 66 66 66 66 66 69 66 66 66 66 66 66 66 66 66 66 66 66 66 66 66 66 66 66 66 66 66 66 66 66 66 66 66 66 66 66 66 66 66 66 66 
66 66 66 66 66 66 66 66 66 66 66 66 66 66 66 66 66 66 66 66 66 66 66 66 66 66 69 66 66 66 66 66 66 66 66 66 69 69 69 69 69 66 66 66 66 66 66 66 66 66 66 66 69 66 66 66 66 66 66 66 66 66 66 66 69 66 66 66 66 66 66 66 66 66 66 66 69 69 69 69 69 69 69 66 66 66 66 66 66 66 66 66 66 66 66 66 66 66 66 66 
66 66 66 66 66 66 66 66 66 66 66 66 66 66 66 66 66 66 66 66 66 66 66 66 66 66 69 66 66 66 66 66 66 66 66 66 69 69 69 69 69 66 66 66 66 66 66 66 66 66 66 66 69 66 66 66 66 66 66 66 66 66 66 66 69 66 66 66 66 66 66 66 66 66 66 66 69 69 69 69 66 66 69 66 66 66 66 66 66 66 66 66 66 66 66 66 66 66 66 66 
66 66 66 66 66 66 66 66 66 66 66 66 66 66 66 66 66 66 66 66 66 66 66 66 66 66 69 66 66 66 66 66 66 66 66 66 69 69 69 69 69 69 69 69 69 69 69 69 69 69 69 69 69 66 66 66 66 66 66 66 66 66 66 66 69 66 66 66 66 66 66 66 66 66 66 66 66 69 66 66 66 66 69 66 66 66 66 66 66 66 66 66 66 66 66 66 66 66 66 66 
66 66 66 66 66 66 66 66 66 66 66 66 66 66 66 66 66 66 66 66 66 66 66 66 66 66 69 66 66 66 66 66 66 66 66 66 69 69 69 69 69 66 66 66 66 66 66 66 66 66 66 66 69 66 66 66 66 66 66 66 66 69 69 69 69 66 66 66 66 66 66 66 66 66 66 66 66 69 66 66 66 66 69 66 66 66 66 66 66 66 66 66 66 66 66 66 66 66 66 66 
66 66 66 66 66 66 66 66 66 66 66 66 66 66 66 66 66 66 66 66 66 66 66 66 66 66 69 66 66 66 66 66 66 66 66 66 69 69 69 69 69 66 66 66 66 66 66 66 66 66 66 66 69 66 66 66 66 66 66 66 66 66 66 66 66 66 66 66 69 69 69 69 69 69 69 69 69 69 66 66 66 66 69 66 66 66 66 66 66 66 66 66 66 66 66 66 66 66 66 66 
66 66 66 66 66 66 66 66 66 66 66 66 66 66 66 66 66 66 66 66 66 66 66 66 66 66 69 66 66 66 66 66 66 66 66 66 66 66 66 66 66 66 66 66 66 66 66 66 66 66 66 66 69 66 66 66 66 66 66 66 66 66 66 66 66 66 66 66 69 66 66 66 66 66 66 66 66 66 66 66 66 66 69 66 66 66 66 66 66 66 66 66 66 66 66 66 66 66 66 66 
66 66 66 66 66 66 66 66 66 66 66 66 66 66 66 66 66 66 66 66 66 66 66 66 66 66 69 66 66 66 66 66 66 66 66 66 66 66 66 66 66 66 66 66 66 66 66 66 66 66 66 66 69 66 66 66 66 66 66 66 66 66 66 69 69 69 69 69 69 66 66 66 66 66 66 66 66 66 66 66 66 66 69 66 66 66 66 66 66 66 66 66 66 66 66 66 66 66 66 66 
66 66 66 66 66 66 66 66 66 66 66 66 66 66 66 66 66 66 66 66 66 66 66 66 66 69 69 66 66 66 66 66 66 66 66 66 66 66 66 66 66 66 66 66 66 66 66 66 66 66 66 66 69 66 66 66 66 66 66 66 66 66 66 69 69 69 69 69 69 66 66 66 66 66 66 66 66 66 66 66 66 66 69 66 66 66 66 66 66 66 66 66 66 66 66 66 66 66 66 66 
66 66 66 66 66 66 66 66 66 66 66 66 66 66 66 66 66 66 66 66 66 66 66 66 66 69 66 66 66 66 66 69 69 69 69 69 69 69 66 66 66 66 66 66 66 66 66 66 66 66 66 66 69 66 66 66 66 66 66 66 66 66 66 69 69 69 69 69 69 66 66 66 66 66 66 66 66 66 66 66 66 66 69 66 66 66 66 66 66 66 66 66 66 66 66 66 66 66 66 66 
66 66 66 66 66 66 66 66 66 66 66 66 66 66 66 66 66 66 66 66 66 66 66 66 66 69 69 69 69 69 69 69 66 66 66 66 66 69 66 66 66 66 66 66 66 66 66 66 66 66 66 66 69 69 69 69 69 69 69 69 69 69 69 69 69 69 69 69 69 69 69 69 69 69 69 69 69 69 69 69 69 69 69 66 66 66 66 66 66 66 66 66 66 66 66 66 66 66 66 66 
66 66 66 66 66 66 66 66 66 66 66 66 66 66 66 66 66 66 66 66 66 66 66 66 66 66 66 66 66 66 66 66 66 66 66 66 66 69 66 66 66 66 66 66 66 66 66 66 66 66 66 66 66 66 66 66 66 66 66 69 66 66 66 69 69 69 69 69 69 66 66 66 66 66 69 66 66 66 66 66 69 66 66 66 66 66 66 66 66 66 66 66 66 66 66 66 66 66 66 66 
66 66 66 66 66 66 66 66 66 66 66 66 66 66 66 66 66 66 66 66 66 66 66 66 66 66 66 66 66 66 66 66 66 66 66 66 66 69 66 66 66 66 66 66 66 66 66 66 66 66 66 66 66 66 66 66 66 66 66 69 66 66 66 69 69 69 69 69 69 66 66 66 66 66 69 66 66 66 66 66 69 66 66 66 66 66 66 66 66 66 66 66 66 66 66 66 66 66 66 66 
66 66 66 66 66 66 66 66 66 66 66 66 66 66 66 66 66 66 66 66 66 66 66 66 66 66 66 66 66 66 66 66 66 66 66 66 66 69 66 66 66 66 66 66 66 66 66 66 66 66 66 66 66 66 66 66 66 66 66 69 66 66 66 66 66 66 66 66 66 66 66 66 66 66 69 66 66 66 66 66 69 66 66 66 66 66 66 66 66 66 66 66 66 66 66 66 66 66 66 66 
66 66 66 66 66 66 66 66 66 66 66 66 66 66 66 66 66 66 66 66 66 66 66 66 66 66 66 66 66 66 66 66 66 66 66 66 69 69 66 66 66 66 66 66 66 66 66 66 66 66 66 66 66 66 66 66 66 66 66 69 66 66 66 66 66 66 66 66 66 66 66 66 66 66 69 66 66 66 66 66 69 66 66 66 66 66 66 66 66 66 66 66 66 66 66 66 66 66 66 66 
66 66 66 66 66 66 66 66 66 66 66 66 66 66 66 66 66 66 66 66 66 66 66 69 69 69 69 69 69 69 69 69 69 69 69 69 69 69 69 66 66 66 66 66 66 66 66 66 66 66 66 66 66 66 66 66 66 66 66 69 66 66 66 66 66 66 66 66 66 66 66 66 66 66 69 66 66 66 66 66 69 66 66 66 66 66 66 66 66 66 66 66 66 66 66 66 66 66 66 66 
66 66 66 66 66 66 66 66 66 66 66 66 66 66 66 66 66 66 66 66 66 66 66 69 66 66 66 66 66 66 66 66 66 66 66 66 66 66 69 69 69 69 69 69 69 69 66 66 66 66 66 66 66 66 66 66 66 66 66 69 66 66 66 66 66 66 66 66 66 66 66 66 66 66 69 66 66 66 66 66 69 66 66 66 66 66 66 66 66 66 66 66 66 66 66 66 66 66 66 66 
66 66 66 66 66 66 66 66 66 66 66 66 66 66 66 66 66 66 66 66 66 66 66 69 66 66 66 66 66 66 66 66 66 66 66 66 66 66 66 66 66 66 66 66 66 69 69 69 69 69 69 69 69 69 69 69 69 69 69 69 69 69 69 69 69 69 69 69 69 69 69 69 69 69 69 69 69 69 69 69 69 66 66 66 66 66 66 66 66 66 66 66 66 66 66 66 66 66 66 66 
66 66 66 66 66 66 66 66 66 66 66 66 66 66 66 66 66 66 66 66 66 66 66 69 66 66 66 66 66 66 66 66 66 66 66 66 66 66 66 66 66 66 66 66 66 66 66 66 66 66 66 66 66 66 66 66 66 66 66 66 66 66 66 66 66 66 66 66 66 69 66 66 66 66 66 66 66 66 66 66 66 66 66 66 66 66 66 66 66 66 66 66 66 66 66 66 66 66 66 66 
66 66 66 66 66 66 66 66 66 66 66 66 66 66 66 66 66 66 66 66 66 66 66 69 66 66 66 66 66 66 66 66 66 66 66 66 66 66 66 66 66 66 66 66 66 66 66 66 66 66 66 66 66 66 66 66 66 66 66 66 66 66 66 66 66 66 66 66 66 69 66 66 66 66 66 66 66 66 66 66 66 66 66 66 66 66 66 66 66 66 66 66 66 66 66 66 66 66 66 66 
66 66 66 66 66 66 66 66 66 66 66 66 66 66 66 66 66 66 66 66 66 66 66 69 66 66 66 66 66 66 66 66 66 66 66 66 66 66 66 66 66 66 66 66 66 66 66 66 66 69 69 69 69 66 66 66 66 66 66 66 66 66 66 66 66 66 66 66 66 69 66 66 66 66 66 66 66 66 66 66 66 66 66 66 66 66 66 66 66 66 66 66 66 66 66 66 66 66 66 66 
66 66 66 66 66 66 66 66 66 66 66 66 66 66 66 66 66 66 66 66 66 66 66 69 66 66 66 66 66 66 66 66 66 66 66 66 66 66 66 66 66 66 66 66 66 66 66 66 66 69 69 69 69 66 66 66 66 66 66 66 66 66 66 66 66 66 66 66 66 69 66 66 66 66 66 66 66 66 66 66 66 66 66 66 66 66 66 66 66 66 66 66 66 66 66 66 66 66 66 66 
66 66 66 66 66 66 66 66 66 66 66 66 66 66 66 66 66 66 66 69 69 69 69 69 69 69 69 69 69 66 66 66 66 66 66 66 66 66 66 66 66 66 66 66 66 66 66 66 66 69 69 69 69 66 66 66 66 66 66 66 66 66 66 66 66 66 66 66 66 69 66 66 66 66 66 66 66 66 66 66 66 66 66 66 66 66 66 66 66 66 66 66 66 66 66 66 66 66 66 66 
66 66 66 66 66 66 66 66 66 66 66 66 66 66 66 66 66 66 66 69 36 69 69 69 69 36 69 69 69 66 66 66 66 66 66 66 66 66 66 66 66 66 66 66 66 66 66 66 66 69 69 69 69 69 69 69 69 69 69 66 66 66 66 66 66 66 66 66 66 69 66 66 66 66 66 66 66 66 66 66 66 66 66 66 66 66 66 66 66 66 66 66 66 66 66 66 66 66 66 66 
66 66 66 66 66 66 66 66 66 66 66 66 66 66 66 66 66 66 66 69 69 69 69 69 69 69 69 36 69 69 69 69 69 69 69 69 69 69 69 69 69 69 69 69 69 69 69 69 69 69 69 69 69 66 66 66 66 66 69 69 69 69 69 69 69 69 69 69 69 69 66 66 66 66 66 66 66 66 66 66 66 66 66 66 66 66 66 66 66 66 66 66 66 66 66 66 66 66 66 66 
66 66 66 66 66 66 66 66 66 66 66 66 66 66 66 66 66 66 66 69 69 69 1 1 1 69 69 69 69 66 66 66 66 66 66 66 66 66 66 66 66 66 66 66 66 66 66 66 66 69 69 69 69 66 66 66 66 66 66 66 66 66 66 66 66 66 66 66 66 66 66 66 66 66 66 66 66 66 66 66 66 66 66 66 66 66 66 66 66 66 66 66 66 66 66 66 66 66 66 66 
66 66 66 66 66 66 66 66 66 66 66 66 66 66 66 66 66 66 66 36 69 69 1 63 1 69 69 69 69 66 66 66 66 66 66 66 66 66 66 66 66 66 66 66 66 66 66 66 66 69 69 69 69 66 66 66 66 66 66 66 66 66 66 66 66 66 66 66 66 66 66 66 66 66 66 66 66 66 66 66 66 66 66 66 66 66 66 66 66 66 66 66 66 66 66 66 66 66 66 66 
66 66 66 66 66 66 66 66 66 66 66 66 66 66 66 66 66 66 66 66 66 66 66 66 66 66 66 66 66 66 66 66 66 66 66 66 66 66 66 66 66 66 66 66 66 66 66 66 66 69 69 69 69 66 66 66 66 66 66 66 66 66 66 66 66 66 66 66 66 66 66 66 66 66 66 66 66 66 66 66 66 66 66 66 66 66 66 66 66 66 66 66 66 66 66 66 66 66 66 66 
66 66 66 66 66 66 66 66 66 66 66 66 66 66 66 66 66 66 66 66 66 66 66 66 66 66 66 66 66 66 66 66 66 66 66 66 66 66 66 66 66 66 66 66 66 66 66 66 66 66 66 66 66 66 66 66 66 66 66 66 66 66 66 66 66 66 66 66 66 66 66 66 66 66 66 66 66 66 66 66 66 66 66 66 66 66 66 66 66 66 66 66 66 66 66 66 66 66 66 66 
66 66 66 66 66 66 66 66 66 66 66 66 66 66 66 66 66 66 66 66 66 66 66 66 66 66 66 66 66 66 66 66 66 66 66 66 66 66 66 66 66 66 66 66 66 66 66 66 66 66 66 66 66 66 66 66 66 66 66 66 66 66 66 66 66 66 66 66 66 66 66 66 66 66 66 66 66 66 66 66 66 66 66 66 66 66 66 66 66 66 66 66 66 66 66 66 66 66 66 66 
66 66 66 66 66 66 66 66 66 66 66 66 66 66 66 66 66 66 66 66 66 66 66 66 66 66 66 66 66 66 66 66 66 66 66 66 66 66 66 66 66 66 66 66 66 66 66 66 66 66 66 66 66 66 66 66 66 66 66 66 66 66 66 66 66 66 66 66 66 66 66 66 66 66 66 66 66 66 66 66 66 66 66 66 66 66 66 66 66 66 66 66 66 66 66 66 66 66 66 66 
66 66 66 66 66 66 66 66 66 66 66 66 66 66 66 66 66 66 66 66 66 66 66 66 66 66 66 66 66 66 66 66 66 66 66 66 66 66 66 66 66 66 66 66 66 66 66 66 66 66 66 66 66 66 66 66 66 66 66 66 66 66 66 66 66 66 66 66 66 66 66 66 66 66 66 66 66 66 66 66 66 66 66 66 66 66 66 66 66 66 66 66 66 66 66 66 66 66 66 66 
66 66 66 66 66 66 66 66 66 66 66 66 66 66 66 66 66 66 66 66 66 66 66 66 66 66 66 66 66 66 66 66 66 66 66 66 66 66 66 66 66 66 66 66 66 66 66 66 66 66 66 66 66 66 66 66 66 66 66 66 66 66 66 66 66 66 66 66 66 66 66 66 66 66 66 66 66 66 66 66 66 66 66 66 66 66 66 66 66 66 66 66 66 66 66 66 66 66 66 66 
66 66 66 66 66 66 66 66 66 66 66 66 66 66 66 66 66 66 66 66 66 66 66 66 66 66 66 66 66 66 66 66 66 66 66 66 66 66 66 66 66 66 66 66 66 66 66 66 66 66 66 66 66 66 66 66 66 66 66 66 66 66 66 66 66 66 66 66 66 66 66 66 66 66 66 66 66 66 66 66 66 66 66 66 66 66 66 66 66 66 66 66 66 66 66 66 66 66 66 66 
66 66 66 66 66 66 66 66 66 66 66 66 66 66 66 66 66 66 66 66 66 66 66 66 66 66 66 66 66 66 66 66 66 66 66 66 66 66 66 66 66 66 66 66 66 66 66 66 66 66 66 66 66 66 66 66 66 66 66 66 66 66 66 66 66 66 66 66 66 66 66 66 66 66 66 66 66 66 66 66 66 66 66 66 66 66 66 66 66 66 66 66 66 66 66 66 66 66 66 66 
66 66 66 66 66 66 66 66 66 66 66 66 66 66 66 66 66 66 66 66 66 66 66 66 66 66 66 66 66 66 66 66 66 66 66 66 66 66 66 66 66 66 66 66 66 66 66 66 66 66 66 66 66 66 66 66 66 66 66 66 66 66 66 66 66 66 66 66 66 66 66 66 66 66 66 66 66 66 66 66 66 66 66 66 66 66 66 66 66 66 66 66 66 66 66 66 66 66 66 66 
66 66 66 66 66 66 66 66 66 66 66 66 66 66 66 66 66 66 66 66 66 66 66 66 66 66 66 66 66 66 66 66 66 66 66 66 66 66 66 66 66 66 66 66 66 66 66 66 66 66 66 66 66 66 66 66 66 66 66 66 66 66 66 66 66 66 66 66 66 66 66 66 66 66 66 66 66 66 66 66 66 66 66 66 66 66 66 66 66 66 66 66 66 66 66 66 66 66 66 66 
66 66 66 66 66 66 66 66 66 66 66 66 66 66 66 66 66 66 66 66 66 66 66 66 66 66 66 66 66 66 66 66 66 66 66 66 66 66 66 66 66 66 66 66 66 66 66 66 66 66 66 66 66 66 66 66 66 66 66 66 66 66 66 66 66 66 66 66 66 66 66 66 66 66 66 66 66 66 66 66 66 66 66 66 66 66 66 66 66 66 66 66 66 66 66 66 66 66 66 66 
