0 0 0 0 0 0 0 0 0 0 0 0 0 0 0 0 0 0 0 0 0 0 0 0 0 0 0 0 0 0 0 0 0 0 0 0 0 0 0 0 0 0 0 0 0 0 0 0 0 0 0 0 0 0 0 0 0 0 0 0 0 0 0 0 0 0 0 0 0 0 0 0 0 0 0 0 0 0 0 0 0 0 0 0 0 0 0 0 0 0 0 0 0 0 0 0 0 0 0 0 
0 0 0 0 0 0 0 0 0 0 0 0 0 0 0 0 0 0 0 0 0 0 0 0 0 0 0 0 0 0 0 0 0 0 0 0 0 0 0 0 0 0 0 0 0 0 0 0 0 0 0 0 0 0 0 0 0 0 0 0 0 0 0 0 0 0 0 0 0 0 0 0 0 0 0 0 0 0 0 0 0 0 0 0 0 0 0 0 0 0 0 0 0 0 0 0 0 0 0 0 
0 0 0 0 0 0 0 0 0 0 0 0 0 0 0 0 0 0 0 0 0 0 0 0 0 0 0 0 0 0 0 0 0 0 0 0 0 0 0 0 0 0 0 0 0 0 0 0 0 0 0 0 0 0 0 0 0 0 0 0 0 0 0 0 0 0 0 0 0 0 0 0 0 0 0 0 0 0 0 0 0 0 0 0 0 0 0 0 0 0 0 0 0 0 0 0 0 0 0 0 
0 0 0 0 0 0 0 0 0 0 0 0 0 0 0 0 0 0 0 0 0 0 0 0 0 0 0 0 0 0 0 0 0 0 0 0 0 0 0 0 0 0 0 0 0 0 0 0 0 0 0 0 0 0 0 0 0 0 0 0 0 0 0 0 0 0 0 0 0 0 0 0 0 0 0 0 0 0 0 0 0 0 0 0 0 0 0 0 0 0 0 0 0 0 0 0 0 0 0 0 
0 0 0 0 0 0 0 0 0 0 0 0 0 0 0 0 0 0 0 0 0 0 0 0 0 0 0 0 0 0 0 0 0 0 0 0 0 0 0 0 0 0 0 0 0 0 0 0 0 0 0 0 0 0 0 0 0 0 0 0 0 0 0 0 0 0 0 0 0 0 0 0 0 0 0 0 0 0 0 0 0 0 0 0 0 0 0 0 0 0 0 0 0 0 0 0 0 0 0 0 
0 0 0 0 0 0 0 0 0 0 0 0 0 0 0 0 0 0 0 0 0 0 0 0 0 0 0 0 0 0 0 0 0 0 0 0 0 0 0 0 0 0 0 0 0 0 0 0 0 0 0 0 0 0 0 0 0 0 0 0 0 0 0 0 0 0 0 0 0 0 0 0 0 0 0 0 0 0 0 0 0 0 0 0 0 0 0 0 0 0 0 0 0 0 0 0 0 0 0 0 
0 0 0 0 0 0 0 0 0 0 0 0 0 0 0 0 0 0 0 0 0 0 0 0 0 0 0 0 0 0 0 0 0 0 0 0 0 0 0 0 0 0 0 0 0 0 0 0 0 0 0 0 0 0 0 0 0 0 0 0 0 0 0 0 0 0 0 0 0 0 0 0 0 0 0 0 0 0 0 0 0 0 0 0 0 0 0 0 0 0 0 0 0 0 0 0 0 0 0 0 
0 0 0 0 0 0 0 0 0 0 0 0 0 0 0 0 0 0 0 0 0 0 0 0 0 0 0 0 0 0 0 0 0 0 0 0 0 0 0 0 0 0 0 0 0 0 0 0 0 0 0 0 0 0 0 0 0 0 0 0 0 0 0 0 0 0 0 0 0 0 0 0 0 0 0 0 0 0 0 0 0 0 0 0 0 0 0 0 0 0 0 0 0 0 0 0 0 0 0 0 
0 0 0 0 0 0 0 0 0 0 0 0 0 0 0 0 0 0 0 0 0 0 0 0 0 0 0 0 0 0 0 0 0 0 0 0 0 0 0 0 0 0 0 0 0 0 0 0 0 0 0 0 0 0 0 0 0 0 0 0 0 0 0 0 0 0 0 0 0 0 0 0 0 0 0 0 0 0 0 0 0 0 0 0 0 0 0 0 0 0 0 0 0 0 0 0 0 0 0 0 
0 0 0 0 0 0 0 0 0 0 0 0 0 0 0 0 0 0 0 0 0 0 0 0 0 0 0 0 0 0 0 0 0 0 0 0 0 0 0 0 0 0 0 0 0 0 0 0 0 0 0 0 0 0 0 0 0 0 0 0 0 0 0 0 0 0 0 0 0 0 0 0 0 0 0 0 0 0 0 0 0 0 0 0 0 0 0 0 0 0 0 0 0 0 0 0 0 0 0 0 
0 0 0 0 0 0 0 0 0 0 0 0 0 0 0 0 0 0 0 0 0 0 0 0 0 0 0 0 0 0 0 0 0 0 0 0 0 0 0 0 0 0 0 0 0 0 0 0 0 0 0 0 0 0 0 0 0 0 0 0 0 0 0 0 0 0 0 0 0 0 0 0 0 0 0 0 0 0 0 0 0 0 0 0 0 0 0 0 0 0 0 0 0 0 0 0 0 0 0 0 
0 0 0 0 0 0 0 0 0 0 0 0 0 0 0 0 0 0 0 0 0 0 0 0 0 0 0 0 0 0 0 0 0 0 0 0 0 0 0 0 0 0 0 0 0 0 0 0 0 0 0 42 0 0 0 0 0 0 0 0 0 0 0 0 0 0 0 0 0 0 0 0 0 0 0 0 0 0 0 0 0 0 0 0 0 0 0 0 0 0 0 0 0 0 0 0 0 0 0 0 
0 0 0 0 0 0 0 0 0 0 0 0 0 0 0 0 0 0 0 0 0 0 0 0 0 0 0 0 0 0 0 0 0 0 0 0 0 0 0 0 0 0 0 0 0 0 0 42 0 0 0 0 0 0 42 0 0 0 0 0 0 0 0 0 0 0 0 0 0 0 0 0 0 0 0 0 0 0 0 0 0 0 0 0 0 0 0 0 0 0 0 0 0 0 0 0 0 0 0 0 
0 0 0 0 0 0 0 0 0 0 0 0 0 0 0 0 0 0 0 0 0 0 0 0 0 0 0 0 0 0 0 0 0 0 0 0 0 0 0 0 0 0 0 0 0 0 0 0 0 0 0 0 0 0 42 0 0 0 0 0 0 0 0 0 0 0 0 0 0 0 0 0 0 0 0 0 0 0 0 0 0 0 0 0 0 0 0 0 0 0 0 0 0 0 0 0 0 0 0 0 
0 0 0 0 0 0 0 0 0 0 0 0 0 0 0 0 0 0 0 0 0 0 0 0 0 0 0 0 0 0 0 0 0 0 0 0 0 0 0 0 0 0 0 0 0 0 0 0 0 0 42 0 0 0 0 0 0 0 42 0 0 0 0 0 0 0 0 0 0 0 0 0 0 0 0 0 0 0 0 0 0 0 0 0 0 0 0 0 0 0 0 0 0 0 0 0 0 0 0 0 
0 0 0 0 0 0 0 0 0 0 0 0 0 0 0 0 0 0 0 0 0 0 0 0 0 0 0 0 0 0 0 45 45 45 45 45 45 0 0 0 0 0 0 45 0 0 0 42 0 0 66 66 66 66 66 66 66 0 0 0 0 0 0 0 45 0 0 0 0 0 0 0 0 0 0 0 0 0 0 0 0 0 0 0 0 0 0 0 0 0 0 0 0 0 0 0 0 0 0 0 
0 0 0 0 0 0 0 0 0 0 0 0 0 0 0 0 0 0 0 0 0 0 0 0 41 41 41 41 0 45 0 0 0 0 0 0 0 0 0 0 45 0 0 45 0 0 0 0 0 0 66 29 1 1 1 29 66 0 0 42 0 0 0 0 45 0 0 0 0 0 0 0 0 0 0 0 0 0 0 0 0 0 0 0 0 0 0 0 0 0 0 0 0 0 0 0 0 0 0 0 
0 0 0 0 0 0 0 0 0 0 0 0 0 0 0 0 0 0 0 0 0 0 41 41 41 0 0 0 45 45 45 0 41 41 41 41 41 41 0 45 45 0 0 45 45 0 0 45 45 0 66 1 1 1 1 29 66 0 0 0 0 45 45 0 45 0 0 0 0 45 45 45 45 45 0 0 0 0 0 0 0 0 0 0 0 0 0 0 0 0 0 0 0 0 0 0 0 0 0 0 
0 0 0 0 0 0 0 0 0 0 0 0 0 0 0 0 0 0 0 0 0 0 41 0 0 0 0 0 0 0 0 0 0 0 0 0 0 0 0 0 0 0 0 0 45 45 45 45 0 0 66 29 1 1 1 1 66 0 45 45 45 45 0 0 45 0 0 0 0 0 0 0 0 45 45 0 0 0 0 0 0 0 0 0 0 0 0 0 0 0 0 0 0 0 0 0 0 0 0 0 
0 0 0 0 0 0 0 0 0 0 0 0 0 0 0 0 0 0 0 0 0 0 41 0 66 66 66 66 66 66 66 66 66 66 66 66 66 66 66 66 66 66 66 66 66 66 66 66 66 66 66 66 66 68 66 66 66 66 66 66 66 66 66 66 66 66 66 66 66 66 66 66 0 0 45 0 0 0 0 0 0 0 0 0 0 0 0 0 0 0 0 0 0 0 0 0 0 0 0 0 
0 0 0 0 0 0 0 0 0 0 0 0 0 0 0 0 0 0 0 0 0 41 41 0 66 1 33 1 1 1 1 1 35 35 35 35 1 1 1 1 1 35 35 35 35 35 1 1 1 1 1 1 66 68 66 31 31 31 31 31 31 66 65 66 66 66 65 66 65 66 34 66 0 42 0 0 0 0 0 0 0 0 0 0 0 0 0 0 0 0 0 0 0 0 0 0 0 0 0 0 
0 0 0 0 0 0 0 0 0 0 0 0 0 0 0 0 0 0 0 0 0 41 0 0 66 1 33 1 1 33 33 33 1 1 1 1 35 35 1 1 1 32 32 32 32 32 1 1 1 1 32 1 66 68 66 31 30 30 36 31 31 66 68 68 68 68 68 68 68 66 34 66 0 42 0 0 0 0 0 0 0 0 0 0 0 0 0 0 0 0 0 0 0 0 0 0 0 0 0 0 
0 0 0 0 0 0 0 0 0 0 0 0 0 0 0 0 0 0 0 0 0 0 0 0 66 1 33 1 66 66 66 66 66 66 66 66 66 66 66 65 66 66 66 66 65 66 66 66 66 1 32 1 65 68 66 31 30 30 31 31 31 66 68 66 66 66 66 66 66 66 34 66 0 42 0 0 0 0 0 0 0 0 0 0 0 0 0 0 0 0 0 0 0 0 0 0 0 0 0 0 
0 0 0 0 0 0 0 0 0 0 0 0 0 0 0 0 0 0 0 0 0 0 0 0 66 1 33 1 66 68 68 68 68 68 68 68 68 68 68 68 68 68 68 68 68 68 68 68 66 1 32 1 66 68 66 31 31 31 31 31 31 66 68 66 1 1 1 1 36 1 34 66 0 42 0 0 0 0 0 0 0 0 0 0 0 0 0 0 0 0 0 0 0 0 0 0 0 0 0 0 
0 0 0 0 0 0 0 0 0 0 0 0 0 0 0 0 0 0 0 0 0 0 0 0 66 1 33 1 66 68 66 66 66 66 66 66 66 66 66 66 66 68 66 66 66 66 66 68 66 1 32 1 66 68 66 66 66 66 65 66 66 66 68 65 1 34 1 34 36 34 34 66 0 0 42 0 0 0 0 0 0 0 0 0 0 0 0 0 0 0 0 0 0 0 0 0 0 0 0 0 
0 0 0 0 0 0 0 0 0 0 0 0 0 0 0 0 0 0 0 0 0 41 0 0 66 1 33 1 66 68 66 27 29 33 29 29 33 33 36 36 66 68 66 1 1 1 66 68 66 1 32 1 66 68 68 68 68 68 68 68 68 68 68 66 1 1 34 34 34 34 1 66 0 42 42 0 0 0 0 0 0 0 0 0 0 0 0 0 0 0 0 0 0 0 0 0 0 0 0 0 
0 0 0 0 0 0 0 0 0 0 0 0 0 0 0 0 0 0 0 0 0 41 0 0 66 1 33 1 66 68 66 29 28 29 27 29 29 27 36 33 66 68 66 1 32 1 66 66 66 1 1 1 66 66 65 66 66 66 66 66 66 66 68 65 1 1 34 1 1 34 27 66 0 42 42 0 0 0 0 0 42 0 0 0 0 0 0 0 0 0 0 0 0 0 0 0 0 0 0 0 
0 0 0 0 0 0 0 0 0 0 0 0 0 0 0 0 0 0 0 0 41 41 0 0 66 1 33 1 66 68 66 66 66 66 66 66 66 66 66 66 66 68 65 1 32 1 1 1 1 1 1 1 1 1 1 1 1 1 1 1 1 66 68 66 1 1 1 1 27 27 1 66 0 0 42 42 42 0 0 42 42 0 0 0 0 0 0 0 0 0 0 0 0 0 0 0 0 0 0 0 
0 0 0 0 0 0 0 0 0 0 0 0 0 0 0 0 0 0 0 0 41 0 0 0 66 1 33 1 66 68 68 68 68 68 68 68 68 68 68 68 68 68 66 1 32 1 1 1 1 32 1 1 1 1 1 1 1 1 1 1 1 66 68 66 1 27 1 1 1 1 1 66 0 0 0 0 42 42 0 42 0 0 0 0 0 0 0 0 0 0 0 0 0 0 0 0 0 0 0 0 
0 0 0 0 0 0 0 0 0 0 0 0 0 0 0 0 0 0 0 0 41 0 0 0 66 1 33 33 66 66 66 66 66 66 66 66 66 68 66 66 66 68 66 66 66 66 66 66 66 66 66 66 66 66 66 66 66 66 65 66 66 66 68 66 66 66 66 65 66 66 1 66 0 0 0 0 42 42 0 0 0 0 0 0 0 0 0 0 0 0 0 0 0 0 0 0 0 0 0 0 
0 0 0 0 0 0 0 0 0 0 0 0 0 0 0 0 0 0 0 0 0 0 0 0 66 1 27 27 27 1 1 1 1 1 1 1 66 68 66 56 66 68 68 68 68 68 68 68 68 68 68 68 68 68 68 68 68 68 68 68 68 68 68 68 68 68 68 68 68 66 1 66 0 0 0 0 42 0 0 0 0 0 0 0 0 0 0 0 0 0 0 0 0 0 0 0 0 0 0 0 
0 0 0 0 0 0 0 0 0 0 0 0 0 0 0 0 0 0 0 0 0 0 0 0 66 1 34 1 1 33 33 33 34 34 34 27 66 68 66 56 66 68 66 66 66 66 66 65 66 66 66 66 66 66 66 66 66 66 66 66 66 66 66 65 66 66 66 66 68 66 1 66 0 0 0 0 0 0 0 0 0 0 0 0 0 0 0 0 0 0 0 0 0 0 0 0 0 0 0 0 
0 0 0 0 0 0 0 0 0 0 0 0 0 0 0 0 0 0 0 0 0 0 0 0 66 27 34 34 33 33 1 1 1 1 34 1 66 68 66 56 66 68 66 66 66 66 66 66 66 66 66 66 66 66 1 1 1 1 1 1 1 1 1 1 1 1 1 66 68 66 1 66 0 42 0 0 0 0 0 0 0 0 0 0 0 0 0 0 0 0 0 0 0 0 0 0 0 0 0 0 
0 0 0 0 0 0 0 0 0 0 0 0 0 0 0 0 0 0 0 0 0 0 0 0 66 1 34 34 33 33 33 27 1 1 1 1 66 68 66 56 66 68 68 68 68 68 68 68 68 68 68 68 68 66 1 1 1 1 1 1 1 1 1 1 1 1 1 66 68 65 1 66 0 42 0 0 0 0 42 0 0 0 0 0 0 0 0 0 0 0 0 0 0 0 0 0 0 0 0 0 
0 0 0 0 0 0 0 0 0 0 0 0 0 0 0 0 0 0 0 0 0 41 41 0 66 1 66 66 66 66 66 66 66 66 65 66 66 68 66 66 66 68 66 66 66 66 66 66 66 66 66 66 68 66 66 66 66 66 66 66 66 66 66 66 33 1 1 66 68 66 33 66 0 42 0 42 42 42 42 0 0 0 0 0 0 0 0 0 0 0 0 0 0 0 0 0 0 0 0 0 
0 0 0 0 0 0 0 0 0 0 0 0 0 0 0 0 0 0 0 0 0 41 0 0 66 34 66 68 68 68 68 68 68 68 68 68 68 68 68 68 68 68 66 1 1 1 1 1 1 1 1 66 68 68 68 68 68 68 68 68 68 68 68 66 33 33 1 66 68 66 33 66 0 0 0 42 0 0 0 0 0 0 0 0 0 0 0 0 0 0 0 0 0 0 0 0 0 0 0 0 
0 0 0 0 0 0 0 0 0 0 0 0 0 0 0 0 0 0 0 0 0 41 0 0 66 34 66 68 66 66 66 66 66 66 66 66 65 66 66 66 66 68 66 1 1 1 1 1 1 1 1 66 68 66 66 66 66 66 66 66 66 66 66 66 1 33 1 66 68 66 33 66 0 0 0 0 0 0 0 0 0 0 0 0 0 0 0 0 0 0 0 0 0 0 0 0 0 0 0 0 
0 0 0 0 0 0 0 0 0 0 0 0 0 0 0 0 0 0 0 0 0 41 0 0 66 34 66 68 66 1 1 1 27 1 1 39 1 39 1 1 66 68 66 1 1 1 1 1 1 1 1 66 68 66 1 1 1 30 30 30 30 30 1 1 1 33 1 65 68 66 1 66 0 0 0 42 0 0 0 0 0 0 0 0 0 0 0 0 0 0 0 0 0 0 0 0 0 0 0 0 
0 0 0 0 0 0 0 0 0 0 0 0 0 0 0 0 0 0 0 0 41 41 41 0 66 34 66 68 65 29 1 39 1 1 1 35 1 1 35 1 66 68 66 66 66 66 66 66 66 66 66 66 68 66 66 66 66 66 66 66 66 66 66 66 66 33 1 65 68 66 1 66 0 0 42 42 0 0 0 0 0 0 0 0 0 0 0 0 0 0 0 0 0 0 0 0 0 0 0 0 
0 0 0 0 0 0 0 0 0 0 0 0 0 0 0 0 0 0 0 0 0 0 41 0 66 34 66 68 66 1 1 66 66 66 66 1 1 1 1 1 66 68 68 68 68 68 68 68 68 68 68 68 68 68 68 68 68 68 68 68 68 68 68 68 66 1 1 66 68 66 1 66 0 0 42 0 0 0 0 0 0 0 0 0 0 0 0 0 0 0 0 0 0 0 0 0 0 0 0 0 
0 0 0 0 0 0 0 0 0 0 0 0 0 0 0 0 0 0 0 0 0 0 41 0 66 34 66 68 66 1 1 66 68 68 66 1 1 29 1 1 66 66 66 66 66 66 66 66 66 66 66 66 68 66 66 66 66 66 66 66 66 66 66 68 66 1 1 66 68 66 1 66 0 42 0 0 0 0 0 0 0 0 0 0 0 0 0 0 0 0 0 0 0 0 0 0 0 0 0 0 
0 0 0 0 0 0 0 0 0 0 0 0 0 0 0 0 0 0 0 0 0 0 0 0 66 1 66 68 66 1 35 66 68 66 66 1 1 35 1 1 1 1 1 27 1 1 35 1 39 1 1 66 68 66 1 39 1 1 27 1 1 30 66 68 66 1 1 65 68 66 1 66 0 42 0 0 0 0 0 0 0 0 0 0 0 0 0 0 0 0 0 0 0 0 0 0 0 0 0 0 
0 0 0 0 0 0 0 0 0 0 0 0 0 0 0 0 0 0 0 0 0 0 0 0 66 1 66 68 66 1 1 66 68 66 66 66 66 66 66 66 66 66 66 66 66 66 66 66 66 66 66 66 68 66 1 27 31 1 1 39 1 1 66 68 66 1 1 66 68 66 1 66 0 42 42 0 0 0 0 0 0 0 0 0 0 0 0 0 0 0 0 0 0 0 0 0 0 0 0 0 
0 0 0 0 0 0 0 0 0 0 0 0 0 0 0 0 0 0 0 0 0 0 0 0 66 1 65 68 66 1 39 66 68 68 68 68 68 68 68 68 68 68 68 68 68 68 68 68 68 68 68 68 68 66 26 1 37 36 35 1 39 1 66 68 66 1 1 66 68 66 33 66 0 0 42 0 0 0 0 0 0 0 0 0 0 0 0 0 0 0 0 0 0 0 0 0 0 0 0 0 
0 0 0 0 0 0 0 0 0 0 0 0 0 0 0 0 0 0 0 0 0 0 0 0 66 34 66 68 66 1 1 65 68 66 66 66 66 66 66 66 66 66 66 66 66 66 66 66 66 66 66 66 68 66 26 1 39 1 1 1 32 27 66 68 66 1 1 66 68 66 33 66 0 0 42 0 0 0 0 0 0 0 0 0 0 0 0 0 0 0 0 0 0 0 0 0 0 0 0 0 
0 0 0 0 0 0 0 0 0 0 0 0 0 0 0 0 0 0 0 0 0 41 41 0 66 34 66 68 66 1 35 66 68 66 1 1 1 1 1 1 1 1 1 1 1 39 1 1 66 65 66 66 68 66 66 66 66 66 66 66 66 66 66 68 66 1 1 66 68 65 33 66 0 0 0 0 0 0 0 0 0 0 0 0 0 0 0 0 0 0 0 0 0 0 0 0 0 0 0 0 
0 0 0 0 0 0 0 0 0 0 0 0 0 0 0 0 0 0 0 0 0 41 41 0 66 1 66 68 66 66 66 66 68 66 66 66 66 66 66 65 66 66 66 35 1 1 39 1 66 68 66 65 68 68 68 68 68 68 68 68 68 68 68 68 66 1 1 66 68 66 1 66 0 0 0 0 0 0 0 0 0 0 0 0 0 0 0 0 0 0 0 0 0 0 0 0 0 0 0 0 
0 0 0 0 0 0 0 0 0 0 0 0 0 0 0 0 0 0 0 0 0 41 41 0 66 1 66 68 68 68 68 68 68 68 68 68 68 68 68 68 68 68 66 1 1 35 1 1 66 68 66 66 66 66 65 66 66 66 66 66 66 66 66 68 66 1 1 66 66 66 1 66 0 0 0 0 0 0 0 0 0 0 0 0 0 0 0 0 0 0 0 0 0 0 0 0 0 0 0 0 
0 0 0 0 0 0 0 0 0 0 0 0 0 0 0 0 0 0 0 0 0 41 41 0 66 1 66 66 66 66 66 66 68 66 66 66 66 66 66 66 66 68 66 1 1 1 1 1 66 68 66 56 56 56 56 56 56 56 56 56 56 56 66 68 66 1 33 1 1 1 1 66 0 0 0 0 0 0 0 0 0 0 0 0 0 0 0 0 0 0 0 0 0 0 0 0 0 0 0 0 
0 0 0 0 0 0 0 0 0 0 0 0 0 0 0 0 0 0 41 0 0 41 41 0 66 1 1 1 1 1 1 66 68 66 29 1 31 31 1 29 66 68 65 1 35 1 35 1 66 68 65 66 66 66 66 66 66 66 65 66 66 66 66 68 66 33 1 66 66 66 1 66 0 0 0 0 0 42 42 0 0 0 0 0 0 0 0 0 0 0 0 0 0 0 0 0 0 0 0 0 
0 0 0 0 0 0 0 0 0 0 0 0 0 0 0 0 0 0 41 0 0 41 41 0 66 1 39 39 37 1 1 66 68 66 1 1 27 31 29 39 66 68 66 1 1 27 1 1 66 68 68 68 68 68 68 68 68 68 68 68 68 68 68 68 66 33 33 66 68 66 1 66 0 0 0 42 42 0 0 0 0 0 0 0 0 0 0 0 0 0 0 0 0 0 0 0 0 0 0 0 
0 0 0 0 0 0 0 0 0 0 0 0 0 0 0 0 0 0 41 41 0 41 41 0 66 1 1 37 1 1 1 66 68 66 1 29 1 29 1 1 66 68 66 1 1 1 35 1 65 68 66 66 66 66 66 66 66 65 66 66 66 66 66 68 66 1 33 66 68 66 1 66 0 0 0 42 0 0 0 0 0 0 0 0 0 0 0 0 0 0 0 0 0 0 0 0 0 0 0 0 
0 0 0 0 0 0 0 0 0 0 0 0 0 0 0 0 0 0 0 41 41 41 0 0 66 1 37 37 1 66 66 66 68 66 66 66 66 66 65 66 66 68 66 66 65 66 66 1 66 68 66 1 35 1 1 1 1 1 1 1 1 1 66 68 66 1 33 66 68 66 1 66 0 0 0 42 0 0 0 0 0 0 0 0 0 0 0 0 0 0 0 0 0 0 0 0 0 0 0 0 
0 0 0 0 0 0 0 0 0 0 0 0 0 0 0 0 0 0 0 0 0 45 0 0 66 1 37 39 1 66 68 68 68 68 68 68 68 68 68 68 68 68 68 68 68 68 66 1 66 68 66 1 35 1 66 66 66 1 1 1 1 1 66 68 66 1 1 66 68 66 1 66 0 0 0 42 42 0 0 0 0 0 0 0 0 0 0 0 0 0 0 0 0 0 0 0 0 0 0 0 
0 0 0 0 0 0 0 0 0 0 0 0 0 0 0 0 0 0 0 0 0 45 0 41 66 1 1 1 1 66 68 66 66 66 66 66 66 65 66 66 66 68 66 66 66 68 66 65 66 68 66 1 1 1 66 68 66 1 1 1 1 1 66 68 66 1 1 66 68 66 1 66 0 0 0 0 42 0 0 0 0 0 0 0 0 0 0 0 0 0 0 0 0 0 0 0 0 0 0 0 
0 0 0 0 0 0 0 0 0 0 0 0 0 0 0 0 0 0 0 0 0 45 0 0 66 1 1 1 1 66 68 66 1 1 1 1 1 1 1 37 66 68 66 1 66 68 68 68 68 68 66 1 1 1 66 68 66 1 1 1 1 1 66 68 66 1 30 66 68 66 1 66 0 0 0 0 42 0 0 0 0 0 0 0 0 0 0 0 0 0 0 0 0 0 0 0 0 0 0 0 
0 0 0 0 0 0 0 0 0 0 0 0 0 0 0 0 0 0 0 0 0 45 45 0 66 1 39 1 37 66 68 66 1 28 37 37 37 37 37 1 66 68 65 1 66 66 66 65 66 66 66 1 35 1 66 68 66 66 65 66 66 66 66 68 66 30 30 66 68 66 1 66 0 0 0 0 42 0 0 0 0 0 0 0 0 0 0 0 0 0 0 0 0 0 0 0 0 0 0 0 
0 0 0 0 0 0 0 0 0 0 0 0 0 0 0 0 0 0 0 0 0 0 45 0 66 1 39 37 37 66 68 66 1 1 1 1 39 39 1 1 66 68 66 1 1 1 1 1 35 1 1 1 1 1 66 68 68 68 68 68 68 68 68 68 66 30 33 66 68 66 1 66 0 0 0 0 0 0 0 0 0 0 0 0 0 0 0 0 0 0 0 0 0 0 0 0 0 0 0 0 
0 0 0 0 0 0 0 0 0 0 0 0 0 0 0 0 0 0 0 0 0 0 0 0 66 1 1 1 1 65 68 66 1 37 37 37 1 1 1 1 66 68 66 1 30 1 1 1 1 66 66 66 66 66 66 68 66 66 66 66 66 66 66 66 66 30 33 66 68 66 1 66 0 0 0 0 0 0 0 0 0 0 0 0 0 0 0 0 0 0 0 0 0 0 0 0 0 0 0 0 
0 0 0 0 0 0 0 0 0 0 0 0 0 0 0 0 0 0 0 0 0 0 0 0 66 1 37 39 1 66 68 66 1 37 1 39 1 27 28 1 66 68 66 1 30 30 30 30 1 66 68 68 68 68 68 68 66 1 1 1 33 33 1 1 1 30 1 66 68 66 1 66 0 0 0 0 0 0 0 0 0 0 0 0 0 0 0 0 0 0 0 0 0 0 0 0 0 0 0 0 
0 0 0 0 0 0 0 0 0 0 0 0 0 0 0 0 0 0 0 0 0 0 0 0 66 1 37 1 35 66 68 66 66 66 66 66 66 66 66 66 66 68 66 66 66 66 66 66 66 65 68 66 66 66 68 66 66 66 1 1 33 33 33 33 26 30 1 66 68 66 1 66 0 0 0 0 0 0 0 0 0 0 0 0 0 0 0 0 0 0 0 0 0 0 0 0 0 0 0 0 
0 0 0 0 0 0 0 0 0 0 0 0 0 0 0 0 0 0 0 0 45 0 0 0 66 1 1 35 1 66 68 68 68 68 68 68 68 68 68 68 68 68 68 68 68 68 68 68 68 68 68 66 1 66 68 68 68 66 1 1 33 33 26 1 1 1 1 66 68 66 1 66 0 0 0 0 0 0 0 0 0 0 0 0 0 0 0 0 0 0 0 0 0 0 0 0 0 0 0 0 
0 0 0 0 0 0 0 0 0 0 0 0 0 0 0 0 0 0 0 0 45 45 0 0 66 1 1 1 1 66 66 66 66 66 66 66 66 66 66 66 66 68 66 66 66 66 66 66 66 66 68 65 1 66 66 65 66 66 1 1 1 1 1 1 1 33 1 66 68 66 1 66 0 0 0 0 0 0 0 0 0 0 0 0 0 0 0 0 0 0 0 0 0 0 0 0 0 0 0 0 
0 0 0 0 0 0 0 0 0 0 0 0 0 0 0 0 0 0 0 0 0 45 0 0 66 1 37 37 1 35 1 1 1 1 35 1 39 1 37 1 66 68 66 1 1 1 30 1 1 65 68 66 1 1 30 30 30 1 66 66 66 65 66 66 1 1 1 66 68 66 26 66 0 0 0 0 0 0 0 0 0 0 0 0 0 0 0 0 0 0 0 0 0 0 0 0 0 0 0 0 
0 0 0 0 0 0 0 0 0 0 0 0 0 0 0 0 0 0 0 0 0 45 45 0 66 37 1 1 27 27 37 1 1 37 37 1 39 1 37 1 66 68 66 1 1 1 1 1 1 66 68 66 1 30 30 1 1 1 66 68 68 68 68 66 1 66 66 66 68 66 26 66 0 0 0 0 42 42 42 0 0 0 0 0 0 0 0 0 0 0 0 0 0 0 0 0 0 0 0 0 
0 0 0 0 0 0 0 0 0 0 0 0 0 0 0 0 0 0 0 0 0 0 45 0 66 1 1 35 35 1 35 1 39 39 37 1 1 1 37 1 66 68 66 66 66 65 66 66 66 66 68 66 66 66 66 66 66 65 66 68 66 66 68 66 1 66 68 68 68 66 1 66 0 0 0 42 42 0 0 0 0 0 0 0 0 0 0 0 0 0 0 0 0 0 0 0 0 0 0 0 
0 0 0 0 0 0 0 0 0 0 0 0 0 0 0 0 0 0 0 0 0 0 0 0 66 1 35 1 39 39 39 39 39 1 37 37 27 27 37 37 66 68 68 68 68 68 68 68 68 68 68 68 68 68 68 68 68 68 68 68 66 66 68 65 1 66 68 66 66 66 1 66 0 0 0 42 0 0 0 0 0 0 0 0 0 0 0 0 0 0 0 0 0 0 0 0 0 0 0 0 
0 0 0 0 0 0 0 0 0 0 0 0 0 0 0 0 0 0 0 0 42 42 0 0 66 1 35 1 37 37 35 1 1 1 27 1 1 1 1 1 65 68 66 66 66 66 66 66 66 65 68 66 66 66 66 65 66 66 66 66 66 66 68 66 66 66 68 66 1 1 1 66 0 0 0 42 0 0 0 0 0 0 0 0 0 0 0 0 0 0 0 0 0 0 0 0 0 0 0 0 
0 0 0 0 0 0 0 0 0 0 0 0 0 0 0 0 0 0 0 0 42 0 0 0 66 31 31 66 66 66 66 66 66 66 66 66 65 66 66 66 66 68 66 1 37 1 31 1 1 66 68 66 1 37 1 1 1 1 1 32 1 66 68 68 68 68 68 66 1 33 26 66 0 0 0 42 42 0 0 0 0 0 0 0 0 0 0 0 0 0 0 0 0 0 0 0 0 0 0 0 
0 0 0 0 0 0 0 0 0 0 0 0 0 0 0 0 0 0 0 0 42 0 0 0 66 31 31 66 68 68 68 68 68 68 68 68 68 68 68 68 68 68 66 1 1 31 31 1 1 66 68 66 1 37 37 37 37 37 26 26 1 66 66 65 66 66 66 66 1 33 1 66 0 0 45 45 45 0 0 0 0 0 0 0 0 0 0 0 0 0 0 0 0 0 0 0 0 0 0 0 
0 0 0 0 0 0 0 0 0 0 0 0 0 0 0 0 0 0 0 0 42 0 0 0 66 31 31 66 66 66 66 66 65 66 66 66 66 66 66 66 66 66 66 1 1 31 37 37 1 66 68 66 1 33 37 33 33 33 26 26 26 1 32 32 32 26 26 26 26 33 1 66 0 45 45 45 0 0 0 0 0 0 0 0 0 0 0 0 0 0 0 0 0 0 0 0 0 0 0 0 
0 0 0 0 0 0 0 0 0 0 0 0 0 0 0 0 0 0 0 0 42 42 0 0 66 31 27 1 1 35 35 35 35 1 1 37 37 37 37 37 37 37 37 37 37 37 1 37 1 66 68 65 1 1 33 1 1 1 1 1 26 1 32 1 1 26 1 66 66 66 1 66 45 45 0 0 0 0 0 0 0 0 0 0 0 0 0 0 0 0 0 0 0 0 0 0 0 0 0 0 
0 0 0 0 0 0 0 0 0 0 0 0 0 0 0 0 0 0 0 0 45 0 0 0 66 1 66 66 66 66 66 66 65 66 66 66 66 66 66 66 66 66 65 66 66 66 66 65 66 66 68 66 1 33 1 66 66 66 66 66 66 66 66 66 66 1 1 66 68 66 1 66 45 0 0 0 0 0 0 0 0 0 0 0 0 0 0 0 0 0 0 0 0 0 0 0 0 0 0 0 
0 0 0 0 0 0 0 0 0 0 0 0 0 0 0 0 0 0 0 0 45 45 0 42 66 35 66 68 68 68 68 68 68 68 68 68 68 68 68 68 68 68 68 68 68 68 68 68 68 68 68 66 1 33 1 66 68 68 68 68 68 68 68 68 66 1 1 66 68 66 1 66 45 45 0 0 0 0 0 0 0 0 0 0 0 0 0 0 0 0 0 0 0 0 0 0 0 0 0 0 
0 0 0 0 0 0 0 0 0 0 0 0 0 0 0 0 0 0 0 0 0 42 0 42 66 35 66 68 66 66 65 66 66 66 66 66 66 66 66 66 66 66 66 66 65 66 66 66 66 65 66 66 1 33 1 65 68 66 66 66 66 66 66 68 66 33 1 66 68 65 33 66 42 42 42 42 42 42 0 0 0 0 0 0 0 0 0 0 0 0 0 0 0 0 0 0 0 0 0 0 
0 0 0 0 0 0 0 0 0 0 0 0 0 0 0 0 0 0 0 0 0 0 42 42 66 35 66 68 66 1 1 1 1 1 1 1 1 1 1 66 66 66 65 66 66 66 66 66 66 66 66 1 1 33 1 66 68 66 56 56 56 56 66 68 66 33 1 66 68 66 33 66 0 0 42 42 0 0 0 0 0 0 0 0 0 0 0 0 0 0 0 0 0 0 0 0 0 0 0 0 
0 0 0 0 0 0 0 0 0 0 0 0 0 0 0 0 0 0 0 0 0 0 0 42 66 35 66 68 66 1 1 1 1 1 1 1 1 1 1 66 68 68 68 68 68 68 68 68 68 68 66 33 33 33 1 66 68 66 56 56 56 56 66 68 66 33 1 66 68 66 33 66 42 42 42 0 0 0 0 0 0 0 0 0 0 0 0 0 0 0 0 0 0 0 0 0 0 0 0 0 
0 0 0 0 0 0 0 0 0 0 0 0 0 0 0 0 0 0 0 0 0 41 0 0 66 35 66 68 65 1 1 66 66 66 65 66 66 65 66 66 68 65 66 66 66 66 66 66 66 68 66 65 66 66 66 66 68 66 65 66 66 66 66 68 66 33 33 66 68 66 33 66 42 41 0 0 0 0 0 0 0 0 0 0 0 0 0 0 0 0 0 0 0 0 0 0 0 0 0 0 
0 0 0 0 0 0 0 0 0 0 0 0 0 0 0 0 0 0 0 0 41 41 0 0 66 35 66 68 66 36 1 66 68 68 68 68 68 68 68 68 68 66 38 1 35 35 35 1 65 68 68 68 68 68 68 68 68 68 68 68 68 68 68 68 66 1 1 65 68 66 33 66 0 41 0 0 0 0 0 0 0 0 0 0 0 0 0 0 0 0 0 0 0 0 0 0 0 0 0 0 
0 0 0 0 0 0 0 0 0 0 0 0 0 0 0 0 0 0 0 0 41 0 0 0 66 1 66 68 66 36 1 66 68 66 66 66 66 66 66 66 68 66 38 35 1 38 38 35 66 68 66 66 66 66 66 66 66 66 66 66 66 66 66 68 66 33 1 66 68 66 33 66 0 0 41 0 0 0 0 0 0 0 0 0 0 0 0 0 0 0 0 0 0 0 0 0 0 0 0 0 
0 0 0 0 0 0 0 0 0 0 0 0 0 0 0 0 0 0 0 0 41 41 0 0 66 36 66 68 66 36 1 65 68 66 38 27 1 38 38 66 68 66 66 66 66 66 66 66 66 68 66 56 56 56 56 56 66 66 66 65 66 66 66 68 66 1 1 66 68 66 33 66 0 0 41 0 0 0 0 0 0 0 0 0 0 0 0 0 0 0 0 0 0 0 0 0 0 0 0 0 
0 0 0 0 0 0 0 0 0 0 0 0 0 0 0 0 0 0 0 0 0 0 41 0 66 36 66 68 65 1 36 66 68 66 38 1 38 33 1 66 68 68 68 68 68 68 68 68 68 68 66 56 56 56 56 56 66 68 68 68 68 68 68 68 66 66 66 66 68 66 33 66 0 0 41 0 0 0 0 0 0 0 0 0 0 0 0 0 0 0 0 0 0 0 0 0 0 0 0 0 
0 0 0 0 0 0 0 0 0 0 0 0 0 0 0 0 0 0 0 0 0 0 41 0 66 36 66 68 66 1 36 66 68 66 38 38 33 33 1 66 68 66 66 66 66 66 66 66 65 68 66 66 66 66 65 66 66 68 66 66 66 66 66 68 68 68 68 68 68 65 1 66 0 0 41 41 0 0 0 0 0 0 0 0 0 0 0 0 0 0 0 0 0 0 0 0 0 0 0 0 
0 0 0 0 0 0 0 0 0 0 0 0 0 0 0 0 0 0 0 0 0 0 0 0 66 36 66 68 66 1 36 66 68 66 38 33 33 27 38 66 68 66 39 39 39 39 39 39 66 68 68 68 68 68 68 68 68 68 66 33 1 1 66 66 66 66 66 66 68 66 1 66 0 0 0 0 0 0 0 0 0 0 0 0 0 0 0 0 0 0 0 0 0 0 0 0 0 0 0 0 
0 0 0 0 0 0 0 0 0 0 0 0 0 0 0 0 0 0 0 0 0 0 41 0 66 36 66 68 66 1 1 66 68 66 38 33 38 38 1 66 68 66 66 66 65 65 66 66 66 68 66 66 66 66 66 66 66 66 66 33 33 33 33 33 1 1 1 66 68 66 1 66 0 0 0 0 0 0 0 0 0 0 0 0 0 0 0 0 0 0 0 0 0 0 0 0 0 0 0 0 
0 0 0 0 0 0 0 0 0 0 0 0 0 0 0 0 0 0 0 0 0 0 41 0 66 36 65 68 66 1 1 66 68 66 1 38 1 1 1 66 68 68 68 68 68 68 68 68 68 68 66 39 1 39 39 33 33 33 33 33 39 1 1 33 33 33 1 65 68 66 1 66 0 0 41 0 0 0 0 0 0 0 0 0 0 0 0 0 0 0 0 0 0 0 0 0 0 0 0 0 
0 0 0 0 0 0 0 0 0 0 0 0 0 0 0 0 0 0 0 0 0 0 41 0 66 36 66 68 66 66 66 65 68 66 66 66 66 66 66 66 66 66 66 66 65 66 66 66 66 68 66 66 66 66 66 66 66 66 66 66 66 66 66 66 66 66 66 66 68 66 33 66 0 0 41 0 0 0 0 0 0 0 0 0 0 0 0 0 0 0 0 0 0 0 0 0 0 0 0 0 
0 0 0 0 0 0 0 0 0 0 0 0 0 0 0 0 0 0 0 0 0 0 41 0 66 1 66 68 68 68 68 68 68 68 68 68 68 68 68 68 68 68 68 68 68 68 68 68 68 68 68 68 68 68 68 68 68 68 68 68 68 68 68 68 68 68 68 68 68 66 33 66 0 0 41 0 0 0 0 0 0 0 0 0 0 0 0 0 0 0 0 0 0 0 0 0 0 0 0 0 
0 0 0 0 0 0 0 0 0 0 0 0 0 0 0 0 0 0 0 0 0 0 41 0 66 1 66 66 66 66 65 66 66 66 66 66 66 66 66 66 66 65 66 66 66 66 66 66 66 68 66 66 66 66 66 66 66 66 66 65 66 66 66 66 66 66 66 66 66 66 33 66 0 0 41 0 0 0 0 0 0 0 0 0 0 0 0 0 0 0 0 0 0 0 0 0 0 0 0 0 
0 0 0 0 0 0 0 0 0 0 0 0 0 0 0 0 0 0 0 0 0 0 0 0 66 1 29 29 29 29 29 29 29 1 1 1 29 29 29 29 29 29 29 29 29 29 29 1 66 68 66 1 29 29 29 29 29 29 29 29 29 33 33 33 33 33 33 33 33 33 33 66 0 0 0 0 0 0 0 0 0 0 0 0 0 0 0 0 0 0 0 0 0 0 0 0 0 0 0 0 
0 0 0 0 0 0 0 0 0 0 0 0 0 0 0 0 0 0 0 0 0 0 0 0 66 66 66 66 66 66 66 66 66 66 66 66 66 66 66 65 66 66 66 66 65 66 66 66 66 68 66 66 66 66 66 66 66 66 66 66 66 66 66 66 66 66 66 66 66 66 66 66 0 0 0 0 41 0 0 0 0 0 0 0 0 0 0 0 0 0 0 0 0 0 0 0 0 0 0 0 
0 0 0 0 0 0 0 0 0 0 0 0 0 0 0 0 0 0 0 0 0 41 0 0 0 0 0 0 0 0 0 0 0 0 0 0 0 0 0 0 0 0 0 0 0 0 65 1 68 68 68 28 65 0 0 0 0 0 0 0 0 0 0 0 0 0 0 0 0 0 0 0 0 0 0 0 41 0 0 0 0 0 0 0 0 0 0 0 0 0 0 0 0 0 0 0 0 0 0 0 
0 0 0 0 0 0 0 0 0 0 0 0 0 0 0 0 0 0 0 0 0 41 41 41 0 0 0 0 0 0 0 0 0 0 41 41 41 41 41 41 41 41 41 0 0 0 65 28 68 68 68 1 65 0 0 41 41 0 0 0 0 0 0 0 0 0 0 0 0 0 0 0 0 0 0 0 41 0 0 0 0 0 0 0 0 0 0 0 0 0 0 0 0 0 0 0 0 0 0 0 
0 0 0 0 0 0 0 0 0 0 0 0 0 0 0 0 0 0 0 0 0 0 0 41 41 41 41 41 0 0 0 0 41 41 0 0 0 0 0 0 0 0 41 41 0 0 65 1 28 1 1 28 65 0 0 0 41 41 41 41 0 0 0 0 41 41 41 41 41 41 41 41 0 0 0 0 41 0 0 0 0 0 0 0 0 0 0 0 0 0 0 0 0 0 0 0 0 0 0 0 
0 0 0 0 0 0 0 0 0 0 0 0 0 0 0 0 0 0 0 0 0 0 0 0 0 0 0 0 0 0 0 0 0 0 0 0 0 0 0 0 0 0 0 0 0 0 65 65 65 65 65 65 65 0 0 0 0 0 0 41 41 41 0 0 0 0 0 0 0 0 0 0 0 0 0 0 0 0 0 0 0 0 0 0 0 0 0 0 0 0 0 0 0 0 0 0 0 0 0 0 
0 0 0 0 0 0 0 0 0 0 0 0 0 0 0 0 0 0 0 0 0 0 0 0 0 0 0 0 0 0 0 0 0 0 0 0 0 0 0 0 0 0 0 0 0 0 0 0 0 0 0 0 0 0 0 0 0 0 0 0 0 0 0 0 0 0 0 0 0 0 0 0 0 0 0 0 0 0 0 0 0 0 0 0 0 0 0 0 0 0 0 0 0 0 0 0 0 0 0 0 
0 0 0 0 0 0 0 0 0 0 0 0 0 0 0 0 0 0 0 0 0 0 0 0 0 0 0 0 0 0 0 0 0 0 0 0 0 0 0 0 0 0 0 0 0 0 0 0 0 0 0 0 0 0 0 0 0 0 0 0 0 0 0 0 0 0 0 0 0 0 0 0 0 0 0 0 0 0 0 0 0 0 0 0 0 0 0 0 0 0 0 0 0 0 0 0 0 0 0 0 
0 0 0 0 0 0 0 0 0 0 0 0 0 0 0 0 0 0 0 0 0 0 0 0 0 0 0 0 0 0 0 0 0 0 0 0 0 0 0 0 0 0 0 0 0 0 0 0 0 0 0 0 0 0 0 0 0 0 0 0 0 0 0 0 0 0 0 0 0 0 0 0 0 0 0 0 0 0 0 0 0 0 0 0 0 0 0 0 0 0 0 0 0 0 0 0 0 0 0 0 
0 0 0 0 0 0 0 0 0 0 0 0 0 0 0 0 0 0 0 0 0 0 0 0 0 0 0 0 0 0 0 0 0 0 0 0 0 0 0 0 0 0 0 0 0 0 0 0 0 0 0 0 0 0 0 0 0 0 0 0 0 0 0 0 0 0 0 0 0 0 0 0 0 0 0 0 0 0 0 0 0 0 0 0 0 0 0 0 0 0 0 0 0 0 0 0 0 0 0 0 
0 0 0 0 0 0 0 0 0 0 0 0 0 0 0 0 0 0 0 0 0 0 0 0 0 0 0 0 0 0 0 0 0 0 0 0 0 0 0 0 0 0 0 0 0 0 0 0 0 0 0 0 0 0 0 0 0 0 0 0 0 0 0 0 0 0 0 0 0 0 0 0 0 0 0 0 0 0 0 0 0 0 0 0 0 0 0 0 0 0 0 0 0 0 0 0 0 0 0 0 
