64 64 64 64 64 64 64 64 64 64 64 64 64 64 64 64 64 64 64 64 64 64 64 64 64 64 64 64 64 64 64 64 64 64 64 64 64 64 64 64 64 64 64 64 64 64 64 64 64 64 64 64 64 64 64 64 64 64 64 64 64 64 64 64 64 64 64 64 64 64 64 64 64 64 64 64 64 64 64 64 64 64 64 64 64 64 64 64 64 64 64 64 64 64 64 64 64 64 64 64 
64 64 64 64 64 64 64 64 64 64 64 64 64 64 64 64 64 64 64 64 64 64 64 64 64 64 64 64 64 64 64 64 64 64 64 64 64 64 64 64 64 64 64 64 64 64 64 64 64 64 64 64 64 64 64 64 64 64 64 64 64 64 64 64 64 64 64 64 64 64 64 64 64 64 64 64 64 64 64 64 64 64 64 64 64 64 64 64 64 64 64 64 64 64 64 64 64 64 64 64 
64 64 64 64 64 64 64 64 64 64 64 64 64 64 64 64 64 64 64 64 64 64 64 64 64 64 64 64 64 64 64 64 64 64 64 64 64 64 64 64 64 64 64 64 64 64 64 64 64 64 64 64 64 64 64 64 64 64 64 64 64 64 64 64 64 64 64 64 64 64 64 64 64 64 64 64 64 64 64 64 64 64 64 64 64 64 64 64 64 64 64 64 64 64 64 64 64 64 64 64 
64 64 64 64 64 64 64 64 64 64 64 64 64 64 64 64 64 64 64 64 64 64 64 64 64 64 64 64 64 64 64 64 64 64 64 64 64 64 64 64 64 64 64 64 64 64 64 64 64 64 64 64 64 64 64 64 64 64 64 64 64 64 64 64 64 64 64 64 64 64 64 64 64 64 64 64 64 64 64 64 64 64 64 64 64 64 64 64 64 64 64 64 64 64 64 64 64 64 64 64 
64 64 64 64 64 64 64 64 64 64 64 64 64 64 64 64 64 64 64 64 64 64 64 64 64 64 64 64 64 64 64 64 64 64 64 64 64 64 64 64 64 64 64 64 64 64 64 64 64 64 64 64 64 64 64 64 64 64 64 64 64 64 64 64 64 64 64 64 64 64 64 64 64 64 64 64 64 64 64 64 64 64 64 64 64 64 64 64 64 64 64 64 64 64 64 64 64 64 64 64 
64 64 64 64 64 64 64 64 64 64 64 64 64 64 64 64 64 64 64 64 64 64 64 64 64 64 64 64 64 64 64 64 64 64 64 64 64 64 64 64 64 64 64 64 64 64 68 68 68 68 68 68 68 68 68 68 68 68 64 64 64 64 64 64 64 64 64 64 64 64 64 64 64 64 64 64 64 64 64 64 64 64 64 64 64 64 64 64 64 64 64 64 64 64 64 64 64 64 64 64 
64 64 64 64 64 64 64 64 64 64 64 64 64 64 64 64 64 64 64 64 64 64 64 64 64 64 64 64 64 64 64 64 64 64 64 64 64 64 64 64 64 64 64 64 64 64 68 68 68 68 68 68 68 68 68 68 68 68 64 64 64 64 64 64 64 64 64 64 64 64 64 64 64 64 64 64 64 64 64 64 64 64 64 64 64 64 64 64 64 64 64 64 64 64 64 64 64 64 64 64 
64 64 64 64 64 64 64 64 64 64 64 64 64 64 64 64 64 64 64 64 64 64 64 64 64 64 64 64 64 64 64 64 64 64 64 64 64 64 64 64 64 64 64 64 64 64 68 68 68 68 68 68 68 68 68 68 68 68 64 64 64 64 64 64 64 64 64 64 64 64 64 64 64 64 64 64 64 64 64 64 64 64 64 64 64 64 64 64 64 64 64 64 64 64 64 64 64 64 64 64 
64 64 64 64 64 64 64 64 64 64 64 64 64 64 64 64 64 64 64 64 64 64 64 64 64 64 64 64 64 64 64 64 64 64 64 64 64 64 64 64 64 64 64 64 64 64 68 68 68 64 64 68 64 64 68 68 68 68 64 64 68 68 68 68 68 68 68 64 64 64 64 64 64 64 64 64 64 64 64 64 64 64 64 64 64 64 64 64 64 64 64 64 64 64 64 64 64 64 64 64 
64 64 64 64 64 64 64 64 64 64 64 64 64 64 64 64 64 64 64 64 64 64 64 64 64 64 64 64 64 64 64 64 64 64 64 64 64 64 64 64 64 64 64 64 64 64 64 64 64 64 64 68 64 64 64 64 64 64 64 64 68 68 68 68 68 68 68 64 64 64 64 64 64 64 64 64 64 64 64 64 64 64 64 64 64 64 64 64 64 64 64 64 64 64 64 64 64 64 64 64 
64 64 64 64 64 64 64 64 64 64 64 64 64 64 64 64 64 64 64 64 64 64 64 64 64 64 64 64 64 64 64 64 64 64 64 64 64 64 64 64 64 64 64 64 64 64 64 64 64 64 64 68 64 64 64 64 64 64 64 64 68 68 68 68 68 68 68 64 64 64 64 64 64 64 64 64 64 64 64 64 64 64 64 64 64 64 64 64 64 64 64 64 64 64 64 64 64 64 64 64 
64 64 64 64 64 64 64 64 64 64 64 64 64 64 64 64 64 64 64 64 64 64 64 64 64 64 64 64 64 64 64 64 64 64 64 64 64 64 64 64 64 64 64 64 64 64 64 64 64 64 64 68 64 64 64 64 64 64 64 64 68 68 68 68 68 68 68 64 64 64 64 64 64 64 64 64 64 64 64 64 64 64 64 64 64 64 64 64 64 64 64 64 64 64 64 64 64 64 64 64 
64 64 64 64 64 64 64 64 64 64 64 64 64 64 64 64 64 64 64 64 64 64 64 64 64 64 64 64 64 64 64 64 64 64 64 68 68 68 68 68 68 64 64 64 64 64 64 64 64 64 64 68 64 64 64 64 64 64 64 64 64 64 64 68 64 64 64 64 64 64 64 64 64 64 64 64 64 64 64 64 64 64 64 64 64 64 64 64 64 64 64 64 64 64 64 64 64 64 64 64 
64 64 64 64 64 64 64 64 64 64 64 64 64 64 64 64 64 64 64 64 64 64 64 64 64 64 64 64 64 64 64 64 64 64 64 68 68 68 68 68 68 64 64 64 64 64 64 64 64 64 64 68 64 64 64 64 64 64 64 64 64 64 64 68 64 64 64 64 64 64 64 64 64 64 64 64 64 64 64 64 64 64 64 64 64 64 64 64 64 64 64 64 64 64 64 64 64 64 64 64 
64 64 64 64 64 64 64 64 64 64 64 64 64 64 64 64 64 64 64 64 64 64 64 64 64 64 64 64 64 64 64 64 64 64 64 68 68 68 68 68 68 64 64 64 64 64 64 64 64 64 64 68 64 64 64 64 64 64 64 64 64 64 64 68 64 64 64 64 64 64 64 64 64 64 64 64 64 64 64 64 64 64 64 64 64 64 64 64 64 64 64 64 64 64 64 64 64 64 64 64 
64 64 64 64 64 64 64 64 64 64 64 64 64 64 64 64 64 64 64 64 64 64 64 64 64 64 64 64 64 64 64 64 64 64 64 68 68 68 68 68 68 64 64 64 64 64 64 64 64 64 64 68 64 64 64 64 64 64 64 64 64 64 64 68 64 64 64 64 64 64 64 64 64 64 64 64 64 64 64 64 64 64 64 64 64 64 64 64 64 64 64 64 64 64 64 64 64 64 64 64 
64 64 64 64 64 64 64 64 64 64 64 64 64 64 64 64 64 64 64 64 64 64 64 64 64 64 64 64 64 64 64 64 64 64 64 68 68 68 68 68 68 68 68 68 68 68 68 68 68 68 68 68 68 68 68 68 68 68 68 68 68 68 68 68 68 68 68 68 68 68 68 68 68 64 64 64 64 64 64 64 64 64 64 64 64 64 64 64 64 64 64 64 64 64 64 64 64 64 64 64 
64 64 64 64 64 64 64 64 64 64 64 64 64 64 64 64 64 64 64 64 64 64 64 64 64 64 64 64 64 64 64 64 64 64 64 68 68 68 68 68 68 64 64 64 64 64 64 64 64 64 64 68 64 64 64 64 64 64 64 64 64 64 64 64 64 64 64 64 64 64 64 64 68 64 64 64 64 64 64 64 64 64 64 64 64 64 64 64 64 64 64 64 64 64 64 64 64 64 64 64 
64 64 64 64 64 64 64 64 64 64 64 64 64 64 64 64 64 64 64 64 64 64 64 64 64 64 64 64 64 64 64 64 64 64 64 68 68 68 68 68 68 64 64 64 64 64 64 64 64 64 64 68 64 64 64 64 64 64 64 64 64 64 64 64 64 64 64 64 64 64 64 64 68 64 64 64 64 64 64 64 64 64 64 64 64 64 64 64 64 64 64 64 64 64 64 64 64 64 64 64 
64 64 64 64 64 64 64 64 64 64 64 64 64 64 64 64 64 64 64 64 64 64 64 64 64 64 64 64 64 64 64 64 64 64 64 68 68 68 68 68 68 64 64 64 64 64 64 64 64 64 64 68 64 64 64 64 64 64 64 64 64 64 64 64 64 64 64 64 64 64 68 68 68 68 64 64 64 64 64 64 64 64 64 64 64 64 64 64 64 64 64 64 64 64 64 64 64 64 64 64 
64 64 64 64 64 64 64 64 64 64 64 64 64 64 64 64 64 64 64 64 64 64 64 64 64 64 64 64 64 64 64 64 64 64 64 68 68 68 68 68 68 64 64 64 64 64 64 64 64 64 64 68 64 64 64 64 64 64 64 64 64 64 64 64 64 64 64 64 64 64 68 68 68 68 68 68 68 68 68 68 68 68 68 68 64 64 64 64 64 64 64 64 64 64 64 64 64 64 64 64 
64 64 64 64 64 64 64 64 64 64 64 64 64 64 64 64 64 64 64 64 64 64 64 64 64 64 64 64 64 64 64 64 64 64 64 64 64 64 64 64 64 64 64 64 64 64 64 64 64 64 64 68 64 64 64 64 64 64 64 64 64 68 68 68 68 68 68 68 68 68 68 68 68 68 64 64 64 64 64 64 64 64 64 68 64 64 64 64 64 64 64 64 64 64 64 64 64 64 64 64 
64 64 64 64 64 64 64 64 64 64 64 64 64 64 64 64 64 64 64 64 64 64 64 64 64 64 64 64 64 64 64 64 64 64 64 64 64 64 64 64 64 64 64 64 64 64 64 64 64 64 64 68 64 64 64 64 64 64 64 64 64 68 64 64 64 64 64 64 64 64 68 68 68 68 64 64 64 64 64 64 64 68 68 68 68 68 64 64 64 64 64 64 64 64 64 64 64 64 64 64 
64 64 64 64 64 64 64 64 64 64 64 64 64 64 64 64 64 64 64 64 64 64 64 64 64 64 64 64 64 64 64 64 64 64 64 64 64 64 64 64 64 64 64 64 64 68 68 68 68 68 68 68 68 68 68 68 64 64 64 64 64 68 64 64 64 64 64 64 64 64 64 64 64 64 64 64 64 64 64 64 64 68 68 68 68 68 64 64 64 64 64 64 64 64 64 64 64 64 64 64 
64 64 64 64 64 64 64 64 64 64 64 64 64 64 64 64 64 64 64 64 64 64 64 64 64 64 64 64 64 64 64 64 64 64 64 64 64 64 64 64 64 64 64 64 64 68 68 68 68 68 68 68 68 68 68 68 64 64 64 64 64 68 64 64 64 64 64 64 64 64 64 64 64 64 64 64 64 64 64 64 64 68 68 68 68 68 64 64 64 64 64 64 64 64 64 64 64 64 64 64 
64 64 64 64 64 64 64 64 64 64 64 64 64 64 64 64 64 64 64 64 64 64 64 64 64 68 68 68 68 68 64 64 64 64 64 64 64 64 64 64 64 64 64 64 64 68 68 68 68 68 68 68 68 68 68 68 64 64 64 64 64 68 64 64 64 64 64 64 64 64 64 64 64 64 64 64 64 64 64 64 64 68 68 68 68 68 64 64 64 64 64 64 64 64 64 64 64 64 64 64 
64 64 64 64 64 64 64 64 64 64 64 64 64 64 64 64 64 64 64 64 64 64 64 64 64 68 64 64 64 68 68 64 64 64 64 64 64 64 64 64 64 64 64 64 64 68 68 68 68 68 68 68 68 68 68 68 64 64 64 64 64 68 64 64 64 64 64 64 64 64 64 64 64 64 64 64 64 64 64 64 64 68 68 68 68 68 64 64 64 64 64 64 64 64 64 64 64 64 64 64 
64 64 64 64 64 64 64 64 64 64 64 64 64 64 64 64 64 64 64 64 64 64 64 64 64 68 64 64 64 64 68 64 64 64 64 64 64 64 64 64 64 64 64 64 64 68 68 68 68 68 68 68 68 68 68 68 64 64 64 64 64 68 64 64 64 64 64 64 64 64 64 64 64 64 64 64 64 64 64 64 64 64 64 64 64 64 64 64 64 64 64 64 64 64 64 64 64 64 64 64 
64 64 64 64 64 64 64 64 64 64 64 64 64 64 64 64 64 64 64 64 64 64 64 64 64 68 64 64 64 64 68 64 64 64 64 64 64 64 64 64 64 64 64 64 64 68 68 68 68 68 68 68 68 68 68 68 64 64 64 64 64 68 64 64 64 64 64 64 64 64 64 64 64 64 64 64 64 64 64 64 64 64 64 64 64 64 64 64 64 64 64 64 64 64 64 64 64 64 64 64 
64 64 64 64 64 64 64 64 64 64 64 64 64 64 64 64 64 64 64 64 64 64 64 64 64 68 68 64 64 64 68 64 64 64 64 64 64 64 64 64 64 64 64 64 64 68 68 68 68 68 68 68 68 68 68 68 68 68 68 68 68 68 68 68 68 68 68 64 64 64 64 64 64 64 64 64 64 64 64 64 64 64 64 64 64 64 64 64 64 64 64 64 64 64 64 64 64 64 64 64 
64 64 64 64 64 64 64 64 64 64 64 64 64 64 64 64 64 64 64 64 64 64 64 64 64 64 68 64 64 64 68 64 64 64 64 64 64 64 64 64 64 64 64 64 64 68 68 68 68 68 68 68 68 68 68 68 64 64 64 64 68 64 64 64 64 64 68 64 64 64 64 64 64 64 64 64 64 64 64 64 64 64 64 64 64 64 64 64 64 64 64 64 64 64 64 64 64 64 64 64 
64 64 64 64 64 64 64 64 64 68 68 68 68 68 68 68 64 64 64 64 64 64 64 64 64 64 68 64 64 64 68 64 64 64 64 64 64 64 64 64 64 64 64 64 64 68 68 68 68 68 68 68 68 68 68 68 64 64 64 64 68 64 64 64 64 64 68 64 64 64 64 64 64 64 64 64 64 64 64 64 64 64 64 64 64 64 64 64 64 64 64 64 64 64 64 64 64 64 64 64 
64 64 64 64 64 64 64 64 64 68 64 64 64 64 64 68 64 64 64 64 64 64 64 64 64 64 64 64 64 64 68 68 68 68 68 68 68 68 68 68 68 68 68 68 68 68 68 68 68 68 68 68 68 68 68 68 64 64 64 64 68 64 64 64 64 64 68 68 68 68 68 68 68 68 68 68 64 64 64 64 64 64 64 64 64 64 64 64 64 64 64 64 64 64 64 64 64 64 64 64 
64 64 64 64 64 64 64 64 64 68 64 64 64 64 64 68 64 64 64 64 64 64 64 64 64 64 64 64 64 64 64 68 64 64 64 64 64 64 64 64 64 64 64 64 64 68 68 68 68 68 68 68 68 68 68 68 64 64 64 64 68 64 64 64 64 64 64 64 64 64 64 64 64 64 64 68 64 64 64 64 64 64 64 64 64 64 64 64 64 64 64 64 64 64 64 64 64 64 64 64 
64 64 64 64 64 64 64 64 64 68 64 64 64 64 64 68 64 64 64 68 68 68 68 68 68 64 64 64 64 64 64 68 64 64 64 64 64 64 64 64 64 64 64 64 64 68 68 68 68 68 68 68 68 68 68 68 64 64 64 64 68 64 64 64 64 64 64 64 64 64 64 64 64 64 64 68 64 64 64 64 64 64 64 64 64 64 64 64 64 64 64 64 64 64 64 64 64 64 64 64 
64 64 64 64 64 64 64 64 64 68 64 64 64 64 64 68 64 64 64 68 68 68 68 68 68 64 64 64 64 64 64 68 64 64 64 64 64 64 64 64 64 64 64 64 64 68 68 68 68 68 68 68 68 68 68 68 64 64 64 64 68 64 64 64 64 64 64 64 64 64 64 64 64 64 64 68 64 64 64 64 64 64 64 64 64 64 64 64 64 64 64 64 64 64 64 64 64 64 64 64 
64 64 64 64 64 64 64 64 64 68 64 64 64 64 64 68 64 64 64 64 68 64 64 64 64 64 64 64 64 64 64 68 64 64 64 64 64 64 64 64 64 64 64 64 64 68 68 68 68 68 68 68 68 68 68 68 64 64 64 64 68 64 64 64 64 64 64 64 64 64 64 64 64 64 68 68 68 64 64 64 64 64 64 64 64 64 64 64 64 64 64 64 64 64 64 64 64 64 64 64 
64 64 64 64 64 64 64 68 68 68 68 68 68 68 68 68 68 68 68 68 68 64 64 64 64 64 64 64 64 64 64 68 64 64 64 64 64 64 64 64 64 64 64 64 64 64 64 64 64 64 64 64 68 64 64 64 64 68 68 68 68 64 64 64 64 64 64 64 64 64 68 68 68 68 68 68 68 68 68 68 68 68 64 64 64 64 64 64 64 64 64 64 64 64 64 64 64 64 64 64 
64 64 64 64 64 64 64 64 64 68 64 64 64 64 64 68 64 64 64 64 68 64 64 64 64 64 64 64 64 64 64 68 64 64 64 64 64 64 64 64 64 64 64 64 64 64 64 64 64 64 64 64 68 64 64 64 64 68 68 68 68 64 64 64 64 64 64 64 64 64 68 64 64 64 68 68 68 64 64 64 64 68 64 64 64 64 64 64 64 64 64 64 64 64 64 64 64 64 64 64 
64 64 64 64 64 64 64 64 64 68 64 64 64 64 64 68 64 64 64 64 68 68 68 68 68 68 68 68 68 68 68 68 68 68 68 68 68 68 68 64 64 64 64 64 64 64 64 64 64 64 64 64 68 64 64 64 64 64 64 64 64 64 64 64 64 64 64 64 64 64 68 64 64 64 64 64 64 64 64 64 64 68 64 64 64 64 64 64 64 64 64 64 64 64 64 64 64 64 64 64 
64 64 64 64 64 64 64 64 64 68 64 64 64 64 64 68 64 64 64 64 64 64 64 64 64 64 64 68 64 64 64 64 64 64 68 64 64 64 64 64 64 64 64 64 64 64 64 64 64 64 64 64 68 64 64 64 64 64 68 68 68 68 68 68 64 64 64 64 64 64 68 64 64 64 64 64 64 64 64 64 64 68 64 64 64 64 64 64 64 64 64 64 64 64 64 64 64 64 64 64 
64 64 64 64 64 64 64 64 64 68 64 64 64 64 64 68 64 64 64 64 64 64 64 64 64 64 64 68 64 64 64 64 64 64 68 64 64 64 64 64 64 64 64 64 64 64 64 64 64 64 64 64 68 64 64 64 64 64 68 64 64 64 68 68 64 64 64 64 64 64 68 68 64 64 64 64 64 64 64 64 64 68 64 64 64 64 64 64 64 64 64 64 64 64 64 64 64 64 64 64 
64 64 64 64 64 64 64 64 64 68 64 64 64 64 64 68 64 64 64 64 64 64 64 64 64 64 64 68 64 64 64 64 64 64 68 64 64 64 64 64 64 64 64 64 64 64 64 64 64 64 64 64 68 64 64 64 64 64 68 64 64 64 64 68 64 64 64 64 64 64 64 68 64 64 64 64 64 64 64 64 64 68 64 64 64 64 64 64 64 64 64 64 64 64 64 64 64 64 64 64 
64 64 64 64 64 64 64 64 64 68 64 64 64 64 64 68 64 64 64 64 64 64 64 64 64 64 64 68 64 64 64 64 64 64 68 64 64 64 64 64 64 64 64 64 64 64 64 64 64 64 64 64 68 64 64 64 64 64 68 64 64 64 64 68 64 64 64 64 64 64 64 68 64 64 64 64 64 64 64 64 64 68 64 64 64 64 64 64 64 64 64 64 64 64 64 64 64 64 64 64 
64 64 64 64 64 64 64 64 64 68 68 68 68 68 68 68 64 64 64 64 64 64 64 64 64 64 64 68 64 64 64 64 64 64 68 64 64 64 64 64 64 64 64 64 64 64 64 64 64 64 64 64 68 64 64 64 64 64 68 64 64 64 64 68 64 64 64 64 64 64 64 68 64 64 64 64 64 64 64 64 64 68 64 64 64 64 64 64 64 64 64 64 64 64 64 64 64 64 64 64 
64 64 64 64 64 64 64 64 64 64 64 64 64 64 64 64 64 64 64 64 64 64 64 64 64 64 64 64 64 64 64 64 64 64 68 64 64 64 64 64 64 64 64 64 64 64 64 64 64 64 64 64 68 68 68 68 68 68 68 64 64 64 64 68 68 68 68 68 64 64 64 68 64 64 64 64 64 64 64 64 64 68 64 64 64 64 64 64 64 64 64 64 64 64 64 64 64 64 64 64 
64 64 64 64 64 64 64 64 64 64 64 64 64 64 64 64 64 64 64 64 64 64 64 64 64 64 64 64 64 64 64 64 64 64 68 64 64 64 64 64 64 64 64 64 64 64 64 64 64 64 64 64 68 64 64 64 64 64 64 64 64 64 64 64 64 64 64 68 68 68 68 68 64 64 64 64 64 64 64 64 64 68 64 64 64 64 64 64 64 64 64 64 64 64 64 64 64 64 64 64 
64 64 64 64 64 64 64 64 64 64 64 64 64 64 64 64 64 64 64 64 64 64 64 64 64 64 64 64 64 64 64 64 64 64 68 64 64 64 64 64 68 68 68 68 68 68 68 68 68 68 68 68 68 68 68 68 68 68 68 68 68 68 64 64 64 64 64 64 64 64 64 64 64 64 64 64 64 64 64 64 64 68 64 64 64 64 64 64 64 64 64 64 64 64 64 64 64 64 64 64 
64 64 64 64 64 64 64 64 64 64 64 64 64 64 64 64 64 64 68 68 68 68 68 68 68 68 64 64 64 64 64 64 64 64 68 64 64 64 64 64 68 64 64 64 64 64 64 64 64 64 64 64 68 64 64 64 64 64 64 64 64 64 64 64 64 64 64 64 64 64 64 64 64 64 64 64 64 64 64 64 64 68 64 64 64 64 64 64 64 64 64 64 64 64 64 64 64 64 64 64 
64 64 64 64 64 64 64 64 64 64 64 64 64 64 64 64 64 64 64 64 64 64 64 64 64 68 64 64 64 64 64 64 64 64 68 64 64 64 64 64 68 64 64 64 64 64 64 64 64 64 64 64 68 64 64 64 64 64 64 64 64 64 64 64 64 64 64 64 64 64 64 64 64 64 64 64 64 64 64 64 64 68 64 64 64 64 64 64 64 64 64 64 64 64 64 64 64 64 64 64 
64 64 64 64 64 64 64 64 64 64 64 64 64 64 64 64 64 64 64 64 64 64 64 64 64 68 64 64 64 64 64 64 64 64 68 64 64 64 64 68 68 68 64 64 64 64 64 64 64 64 64 64 68 64 64 64 64 64 64 64 64 64 64 64 64 64 64 64 64 64 64 64 64 64 64 64 64 64 64 64 64 68 64 64 64 64 64 64 64 64 64 64 64 64 64 64 64 64 64 64 
64 64 64 64 64 64 64 64 64 64 64 64 64 64 64 64 64 64 64 64 64 64 64 64 64 68 64 64 64 64 64 64 64 64 68 64 64 64 64 68 68 68 64 64 64 64 64 64 64 64 64 64 68 64 64 64 64 64 64 64 64 64 64 64 64 64 64 64 64 64 64 64 64 64 64 64 64 64 64 64 64 68 64 64 64 64 64 64 64 64 64 64 64 64 64 64 64 64 64 64 
64 64 64 64 64 64 64 64 64 64 64 64 64 64 64 64 64 64 64 64 64 64 64 64 64 68 64 64 64 64 64 64 64 64 68 64 64 64 64 64 64 64 64 64 64 64 64 64 64 64 64 64 68 64 64 64 64 64 64 64 64 64 64 64 64 64 64 64 64 64 64 64 64 68 68 68 68 68 64 64 64 68 64 64 64 64 64 64 64 64 64 64 64 64 64 64 64 64 64 64 
64 64 64 64 64 64 64 64 64 64 64 64 64 64 64 64 64 64 64 64 64 64 64 64 64 68 64 64 64 64 64 64 64 64 68 64 64 64 64 64 64 64 64 64 64 64 64 64 64 64 64 64 68 64 64 64 64 64 64 64 64 64 64 64 64 64 64 64 64 64 64 64 64 68 68 68 68 68 64 64 64 68 64 64 64 64 64 64 64 64 64 64 64 64 64 64 64 64 64 64 
64 64 64 64 64 64 64 64 64 64 64 64 64 64 64 64 64 64 64 64 64 64 64 64 64 68 64 64 64 64 64 64 64 64 68 64 64 64 64 64 64 64 64 64 64 64 64 64 64 64 64 64 68 64 64 64 64 64 64 64 64 64 64 64 68 64 64 64 64 64 64 64 64 68 68 68 68 68 68 68 68 68 64 64 64 64 64 64 64 64 64 64 64 64 64 64 64 64 64 64 
64 64 64 64 64 64 64 64 64 64 64 64 64 64 64 64 64 64 64 64 64 64 64 64 64 68 64 64 64 64 64 64 64 64 68 64 64 64 64 64 64 64 64 64 64 64 64 64 64 64 64 64 68 64 64 64 64 64 64 64 64 64 64 64 68 64 64 64 64 64 64 64 64 68 68 68 68 68 64 64 64 64 64 64 64 64 64 64 64 64 64 64 64 64 64 64 64 64 64 64 
64 64 64 64 64 64 64 64 64 64 64 64 64 64 64 64 64 64 64 64 64 64 64 64 64 68 64 64 64 64 64 64 64 64 68 64 64 64 64 64 64 64 64 64 64 64 64 64 64 64 64 64 68 64 64 64 64 64 64 64 64 64 64 64 68 64 64 64 64 64 64 64 64 68 68 68 68 68 64 64 64 64 64 64 64 64 64 64 64 64 64 64 64 64 64 64 64 64 64 64 
64 64 64 64 64 64 64 64 64 64 64 64 64 64 64 64 64 64 64 64 64 64 64 64 64 68 64 64 64 64 64 64 64 64 68 64 64 64 64 64 64 64 64 64 64 64 64 64 64 64 64 64 68 64 64 64 64 64 64 64 64 64 64 64 68 64 64 64 64 64 64 64 64 64 64 64 64 64 64 64 64 64 64 64 64 64 64 64 64 64 64 64 64 64 64 64 64 64 64 64 
64 64 64 64 64 64 64 64 64 64 64 64 64 64 64 64 64 64 64 64 64 64 64 64 64 68 64 64 64 64 64 64 64 64 68 68 68 64 64 64 64 64 64 64 64 64 64 68 68 68 68 68 68 68 68 68 68 68 68 64 64 64 64 64 68 64 64 64 64 64 64 64 64 64 64 64 64 64 64 64 64 64 64 64 64 64 64 64 64 64 64 64 64 64 64 64 64 64 64 64 
64 64 64 64 64 64 64 64 64 64 64 64 64 64 64 64 64 64 64 64 64 64 64 64 64 68 64 64 64 64 64 64 64 64 64 64 68 68 68 68 68 68 68 68 68 68 68 68 68 68 68 68 68 68 68 68 68 68 68 68 68 68 68 68 68 64 64 64 64 64 64 64 64 64 64 64 64 64 64 64 64 64 64 64 64 64 64 64 64 64 64 64 64 64 64 64 64 64 64 64 
64 64 64 64 64 64 64 64 64 64 64 64 64 64 64 64 64 64 64 64 64 64 68 68 68 68 68 68 64 64 64 64 64 64 64 64 64 64 64 64 64 64 64 64 64 64 64 68 68 68 68 68 68 68 68 68 68 68 68 64 64 64 64 64 68 64 64 64 64 64 64 64 64 64 64 64 64 64 64 64 64 64 64 64 64 64 64 64 64 64 64 64 64 64 64 64 64 64 64 64 
64 64 64 64 64 64 64 64 64 64 64 64 64 64 64 64 64 64 64 64 64 64 68 68 68 68 68 68 64 64 64 64 64 64 64 64 64 64 64 64 64 64 64 64 64 64 64 68 68 68 68 68 68 68 68 68 68 68 68 64 64 64 64 64 68 64 64 64 64 64 64 64 64 64 64 64 64 64 64 64 64 64 64 64 64 64 64 64 64 64 64 64 64 64 64 64 64 64 64 64 
64 64 64 64 64 64 64 64 64 64 64 64 64 64 64 64 64 64 64 64 64 64 68 68 68 68 68 68 64 64 64 64 64 64 64 64 64 64 64 64 64 64 64 64 64 64 64 64 64 64 64 64 68 64 64 64 64 64 64 64 64 64 64 64 68 64 64 64 64 64 64 64 64 64 64 64 64 64 64 64 64 64 64 64 64 64 64 64 64 64 64 64 64 64 64 64 64 64 64 64 
64 64 64 64 64 64 64 64 64 64 64 64 64 64 64 64 64 64 64 64 64 64 64 64 64 64 68 64 64 64 64 64 64 64 64 64 68 68 68 68 68 64 64 64 64 64 64 64 64 64 64 64 68 64 64 64 64 64 64 64 64 64 64 64 68 64 64 64 64 64 64 64 64 64 64 64 68 68 68 68 68 68 68 64 64 64 64 64 64 64 64 64 64 64 64 64 64 64 64 64 
64 64 64 64 64 64 64 64 64 64 64 64 64 64 64 64 64 64 64 64 64 64 64 64 64 64 68 64 64 64 64 64 64 64 64 64 68 68 68 68 68 64 64 64 64 64 64 64 64 64 64 64 68 64 64 64 64 64 64 64 64 64 64 64 68 64 64 64 64 64 64 64 64 64 64 64 68 68 68 68 64 64 68 64 64 64 64 64 64 64 64 64 64 64 64 64 64 64 64 64 
64 64 64 64 64 64 64 64 64 64 64 64 64 64 64 64 64 64 64 64 64 64 64 64 64 64 68 64 64 64 64 64 64 64 64 64 68 68 68 68 68 68 68 68 68 68 68 68 68 68 68 68 68 64 64 64 64 64 64 64 64 64 64 64 68 64 64 64 64 64 64 64 64 64 64 64 64 68 64 64 64 64 68 64 64 64 64 64 64 64 64 64 64 64 64 64 64 64 64 64 
64 64 64 64 64 64 64 64 64 64 64 64 64 64 64 64 64 64 64 64 64 64 64 64 64 64 68 64 64 64 64 64 64 64 64 64 68 68 68 68 68 64 64 64 64 64 64 64 64 64 64 64 68 64 64 64 64 64 64 64 64 68 68 68 68 64 64 64 64 64 64 64 64 64 64 64 64 68 64 64 64 64 68 64 64 64 64 64 64 64 64 64 64 64 64 64 64 64 64 64 
64 64 64 64 64 64 64 64 64 64 64 64 64 64 64 64 64 64 64 64 64 64 64 64 64 64 68 64 64 64 64 64 64 64 64 64 68 68 68 68 68 64 64 64 64 64 64 64 64 64 64 64 68 64 64 64 64 64 64 64 64 64 64 64 64 64 64 64 68 68 68 68 68 68 68 68 68 68 64 64 64 64 68 64 64 64 64 64 64 64 64 64 64 64 64 64 64 64 64 64 
64 64 64 64 64 64 64 64 64 64 64 64 64 64 64 64 64 64 64 64 64 64 64 64 64 64 68 64 64 64 64 64 64 64 64 64 64 64 64 64 64 64 64 64 64 64 64 64 64 64 64 64 68 64 64 64 64 64 64 64 64 64 64 64 64 64 64 64 68 64 64 64 64 64 64 64 64 64 64 64 64 64 68 64 64 64 64 64 64 64 64 64 64 64 64 64 64 64 64 64 
64 64 64 64 64 64 64 64 64 64 64 64 64 64 64 64 64 64 64 64 64 64 64 64 64 64 68 64 64 64 64 64 64 64 64 64 64 64 64 64 64 64 64 64 64 64 64 64 64 64 64 64 68 64 64 64 64 64 64 64 64 64 64 68 68 68 68 68 68 64 64 64 64 64 64 64 64 64 64 64 64 64 68 64 64 64 64 64 64 64 64 64 64 64 64 64 64 64 64 64 
64 64 64 64 64 64 64 64 64 64 64 64 64 64 64 64 64 64 64 64 64 64 64 64 64 68 68 64 64 64 64 64 64 64 64 64 64 64 64 64 64 64 64 64 64 64 64 64 64 64 64 64 68 64 64 64 64 64 64 64 64 64 64 68 68 68 68 68 68 64 64 64 64 64 64 64 64 64 64 64 64 64 68 64 64 64 64 64 64 64 64 64 64 64 64 64 64 64 64 64 
64 64 64 64 64 64 64 64 64 64 64 64 64 64 64 64 64 64 64 64 64 64 64 64 64 68 64 64 64 64 64 68 68 68 68 68 68 68 64 64 64 64 64 64 64 64 64 64 64 64 64 64 68 64 64 64 64 64 64 64 64 64 64 68 68 68 68 68 68 64 64 64 64 64 64 64 64 64 64 64 64 64 68 64 64 64 64 64 64 64 64 64 64 64 64 64 64 64 64 64 
64 64 64 64 64 64 64 64 64 64 64 64 64 64 64 64 64 64 64 64 64 64 64 64 64 68 68 68 68 68 68 68 64 64 64 64 64 68 64 64 64 64 64 64 64 64 64 64 64 64 64 64 68 68 68 68 68 68 68 68 68 68 68 68 68 68 68 68 68 68 68 68 68 68 68 68 68 68 68 68 68 68 68 64 64 64 64 64 64 64 64 64 64 64 64 64 64 64 64 64 
64 64 64 64 64 64 64 64 64 64 64 64 64 64 64 64 64 64 64 64 64 64 64 64 64 64 64 64 64 64 64 64 64 64 64 64 64 68 64 64 64 64 64 64 64 64 64 64 64 64 64 64 64 64 64 64 64 64 64 68 64 64 64 68 68 68 68 68 68 64 64 64 64 64 68 64 64 64 64 64 68 64 64 64 64 64 64 64 64 64 64 64 64 64 64 64 64 64 64 64 
64 64 64 64 64 64 64 64 64 64 64 64 64 64 64 64 64 64 64 64 64 64 64 64 64 64 64 64 64 64 64 64 64 64 64 64 64 68 64 64 64 64 64 64 64 64 64 64 64 64 64 64 64 64 64 64 64 64 64 68 64 64 64 68 68 68 68 68 68 64 64 64 64 64 68 64 64 64 64 64 68 64 64 64 64 64 64 64 64 64 64 64 64 64 64 64 64 64 64 64 
64 64 64 64 64 64 64 64 64 64 64 64 64 64 64 64 64 64 64 64 64 64 64 64 64 64 64 64 64 64 64 64 64 64 64 64 64 68 64 64 64 64 64 64 64 64 64 64 64 64 64 64 64 64 64 64 64 64 64 68 64 64 64 64 64 64 64 64 64 64 64 64 64 64 68 64 64 64 64 64 68 64 64 64 64 64 64 64 64 64 64 64 64 64 64 64 64 64 64 64 
64 64 64 64 64 64 64 64 64 64 64 64 64 64 64 64 64 64 64 64 64 64 64 64 64 64 64 64 64 64 64 64 64 64 64 64 68 68 64 64 64 64 64 64 64 64 64 64 64 64 64 64 64 64 64 64 64 64 64 68 64 64 64 64 64 64 64 64 64 64 64 64 64 64 68 64 64 64 64 64 68 64 64 64 64 64 64 64 64 64 64 64 64 64 64 64 64 64 64 64 
64 64 64 64 64 64 64 64 64 64 64 64 64 64 64 64 64 64 64 64 64 64 64 68 68 68 68 68 68 68 68 68 68 68 68 68 68 68 68 64 64 64 64 64 64 64 64 64 64 64 64 64 64 64 64 64 64 64 64 68 64 64 64 64 64 64 64 64 64 64 64 64 64 64 68 64 64 64 64 64 68 64 64 64 64 64 64 64 64 64 64 64 64 64 64 64 64 64 64 64 
64 64 64 64 64 64 64 64 64 64 64 64 64 64 64 64 64 64 64 64 64 64 64 68 64 64 64 64 64 64 64 64 64 64 64 64 64 64 68 68 68 68 68 68 68 68 64 64 64 64 64 64 64 64 64 64 64 64 64 68 64 64 64 64 64 64 64 64 64 64 64 64 64 64 68 64 64 64 64 64 68 64 64 64 64 64 64 64 64 64 64 64 64 64 64 64 64 64 64 64 
64 64 64 64 64 64 64 64 64 64 64 64 64 64 64 64 64 64 64 64 64 64 64 68 64 64 64 64 64 64 64 64 64 64 64 64 64 64 64 64 64 64 64 64 64 68 68 68 68 68 68 68 68 68 68 68 68 68 68 68 68 68 68 68 68 68 68 68 68 68 68 68 68 68 68 68 68 68 68 68 68 64 64 64 64 64 64 64 64 64 64 64 64 64 64 64 64 64 64 64 
64 64 64 64 64 64 64 64 64 64 64 64 64 64 64 64 64 64 64 64 64 64 64 68 64 64 64 64 64 64 64 64 64 64 64 64 64 64 64 64 64 64 64 64 64 64 64 64 64 64 64 64 64 64 64 64 64 64 64 64 64 64 64 64 64 64 64 64 64 68 64 64 64 64 64 64 64 64 64 64 64 64 64 64 64 64 64 64 64 64 64 64 64 64 64 64 64 64 64 64 
64 64 64 64 64 64 64 64 64 64 64 64 64 64 64 64 64 64 64 64 64 64 64 68 64 64 64 64 64 64 64 64 64 64 64 64 64 64 64 64 64 64 64 64 64 64 64 64 64 64 64 64 64 64 64 64 64 64 64 64 64 64 64 64 64 64 64 64 64 68 64 64 64 64 64 64 64 64 64 64 64 64 64 64 64 64 64 64 64 64 64 64 64 64 64 64 64 64 64 64 
64 64 64 64 64 64 64 64 64 64 64 64 64 64 64 64 64 64 64 64 64 64 64 68 64 64 64 64 64 64 64 64 64 64 64 64 64 64 64 64 64 64 64 64 64 64 64 64 64 68 68 68 68 64 64 64 64 64 64 64 64 64 64 64 64 64 64 64 64 68 64 64 64 64 64 64 64 64 64 64 64 64 64 64 64 64 64 64 64 64 64 64 64 64 64 64 64 64 64 64 
64 64 64 64 64 64 64 64 64 64 64 64 64 64 64 64 64 64 64 64 64 64 64 68 64 64 64 64 64 64 64 64 64 64 64 64 64 64 64 64 64 64 64 64 64 64 64 64 64 68 68 68 68 64 64 64 64 64 64 64 64 64 64 64 64 64 64 64 64 68 64 64 64 64 64 64 64 64 64 64 64 64 64 64 64 64 64 64 64 64 64 64 64 64 64 64 64 64 64 64 
64 64 64 64 64 64 64 64 64 64 64 64 64 64 64 64 64 64 64 68 68 68 68 68 68 68 68 68 68 64 64 64 64 64 64 64 64 64 64 64 64 64 64 64 64 64 64 64 64 68 68 68 68 64 64 64 64 64 64 64 64 64 64 64 64 64 64 64 64 68 64 64 64 64 64 64 64 64 64 64 64 64 64 64 64 64 64 64 64 64 64 64 64 64 64 64 64 64 64 64 
64 64 64 64 64 64 64 64 64 64 64 64 64 64 64 64 64 64 64 68 36 68 68 68 68 36 68 68 68 64 64 64 64 64 64 64 64 64 64 64 64 64 64 64 64 64 64 64 64 68 68 68 68 68 68 68 68 68 68 64 64 64 64 64 64 64 64 64 64 68 64 64 64 64 64 64 64 64 64 64 64 64 64 64 64 64 64 64 64 64 64 64 64 64 64 64 64 64 64 64 
64 64 64 64 64 64 64 64 64 64 64 64 64 64 64 64 64 64 64 68 68 68 68 68 68 68 68 36 68 68 68 68 68 68 68 68 68 68 68 68 68 68 68 68 68 68 68 68 68 68 68 68 68 64 64 64 64 64 68 68 68 68 68 68 68 68 68 68 68 68 64 64 64 64 64 64 64 64 64 64 64 64 64 64 64 64 64 64 64 64 64 64 64 64 64 64 64 64 64 64 
64 64 64 64 64 64 64 64 64 64 64 64 64 64 64 64 64 64 64 68 68 68 1 1 1 68 68 68 68 64 64 64 64 64 64 64 64 64 64 64 64 64 64 64 64 64 64 64 64 68 68 68 68 64 64 64 64 64 64 64 64 64 64 64 64 64 64 64 64 64 64 64 64 64 64 64 64 64 64 64 64 64 64 64 64 64 64 64 64 64 64 64 64 64 64 64 64 64 64 64 
64 64 64 64 64 64 64 64 64 64 64 64 64 64 64 64 64 64 64 36 68 68 1 63 1 68 68 68 68 64 64 64 64 64 64 64 64 64 64 64 64 64 64 64 64 64 64 64 64 68 68 68 68 64 64 64 64 64 64 64 64 64 64 64 64 64 64 64 64 64 64 64 64 64 64 64 64 64 64 64 64 64 64 64 64 64 64 64 64 64 64 64 64 64 64 64 64 64 64 64 
64 64 64 64 64 64 64 64 64 64 64 64 64 64 64 64 64 64 64 64 64 64 64 64 64 64 64 64 64 64 64 64 64 64 64 64 64 64 64 64 64 64 64 64 64 64 64 64 64 68 68 68 68 64 64 64 64 64 64 64 64 64 64 64 64 64 64 64 64 64 64 64 64 64 64 64 64 64 64 64 64 64 64 64 64 64 64 64 64 64 64 64 64 64 64 64 64 64 64 64 
64 64 64 64 64 64 64 64 64 64 64 64 64 64 64 64 64 64 64 64 64 64 64 64 64 64 64 64 64 64 64 64 64 64 64 64 64 64 64 64 64 64 64 64 64 64 64 64 64 64 64 64 64 64 64 64 64 64 64 64 64 64 64 64 64 64 64 64 64 64 64 64 64 64 64 64 64 64 64 64 64 64 64 64 64 64 64 64 64 64 64 64 64 64 64 64 64 64 64 64 
64 64 64 64 64 64 64 64 64 64 64 64 64 64 64 64 64 64 64 64 64 64 64 64 64 64 64 64 64 64 64 64 64 64 64 64 64 64 64 64 64 64 64 64 64 64 64 64 64 64 64 64 64 64 64 64 64 64 64 64 64 64 64 64 64 64 64 64 64 64 64 64 64 64 64 64 64 64 64 64 64 64 64 64 64 64 64 64 64 64 64 64 64 64 64 64 64 64 64 64 
64 64 64 64 64 64 64 64 64 64 64 64 64 64 64 64 64 64 64 64 64 64 64 64 64 64 64 64 64 64 64 64 64 64 64 64 64 64 64 64 64 64 64 64 64 64 64 64 64 64 64 64 64 64 64 64 64 64 64 64 64 64 64 64 64 64 64 64 64 64 64 64 64 64 64 64 64 64 64 64 64 64 64 64 64 64 64 64 64 64 64 64 64 64 64 64 64 64 64 64 
64 64 64 64 64 64 64 64 64 64 64 64 64 64 64 64 64 64 64 64 64 64 64 64 64 64 64 64 64 64 64 64 64 64 64 64 64 64 64 64 64 64 64 64 64 64 64 64 64 64 64 64 64 64 64 64 64 64 64 64 64 64 64 64 64 64 64 64 64 64 64 64 64 64 64 64 64 64 64 64 64 64 64 64 64 64 64 64 64 64 64 64 64 64 64 64 64 64 64 64 
64 64 64 64 64 64 64 64 64 64 64 64 64 64 64 64 64 64 64 64 64 64 64 64 64 64 64 64 64 64 64 64 64 64 64 64 64 64 64 64 64 64 64 64 64 64 64 64 64 64 64 64 64 64 64 64 64 64 64 64 64 64 64 64 64 64 64 64 64 64 64 64 64 64 64 64 64 64 64 64 64 64 64 64 64 64 64 64 64 64 64 64 64 64 64 64 64 64 64 64 
64 64 64 64 64 64 64 64 64 64 64 64 64 64 64 64 64 64 64 64 64 64 64 64 64 64 64 64 64 64 64 64 64 64 64 64 64 64 64 64 64 64 64 64 64 64 64 64 64 64 64 64 64 64 64 64 64 64 64 64 64 64 64 64 64 64 64 64 64 64 64 64 64 64 64 64 64 64 64 64 64 64 64 64 64 64 64 64 64 64 64 64 64 64 64 64 64 64 64 64 
64 64 64 64 64 64 64 64 64 64 64 64 64 64 64 64 64 64 64 64 64 64 64 64 64 64 64 64 64 64 64 64 64 64 64 64 64 64 64 64 64 64 64 64 64 64 64 64 64 64 64 64 64 64 64 64 64 64 64 64 64 64 64 64 64 64 64 64 64 64 64 64 64 64 64 64 64 64 64 64 64 64 64 64 64 64 64 64 64 64 64 64 64 64 64 64 64 64 64 64 
64 64 64 64 64 64 64 64 64 64 64 64 64 64 64 64 64 64 64 64 64 64 64 64 64 64 64 64 64 64 64 64 64 64 64 64 64 64 64 64 64 64 64 64 64 64 64 64 64 64 64 64 64 64 64 64 64 64 64 64 64 64 64 64 64 64 64 64 64 64 64 64 64 64 64 64 64 64 64 64 64 64 64 64 64 64 64 64 64 64 64 64 64 64 64 64 64 64 64 64 
64 64 64 64 64 64 64 64 64 64 64 64 64 64 64 64 64 64 64 64 64 64 64 64 64 64 64 64 64 64 64 64 64 64 64 64 64 64 64 64 64 64 64 64 64 64 64 64 64 64 64 64 64 64 64 64 64 64 64 64 64 64 64 64 64 64 64 64 64 64 64 64 64 64 64 64 64 64 64 64 64 64 64 64 64 64 64 64 64 64 64 64 64 64 64 64 64 64 64 64 
64 64 64 64 64 64 64 64 64 64 64 64 64 64 64 64 64 64 64 64 64 64 64 64 64 64 64 64 64 64 64 64 64 64 64 64 64 64 64 64 64 64 64 64 64 64 64 64 64 64 64 64 64 64 64 64 64 64 64 64 64 64 64 64 64 64 64 64 64 64 64 64 64 64 64 64 64 64 64 64 64 64 64 64 64 64 64 64 64 64 64 64 64 64 64 64 64 64 64 64 
